tree
version=v4
num_class=1
num_tree_per_iteration=1
label_index=0
max_feature_idx=26
objective=binary sigmoid:1
feature_names=SeniorCitizen Partner Dependents tenure PhoneService MultipleLines OnlineSecurity OnlineBackup DeviceProtection TechSupport StreamingTV StreamingMovies PaperlessBilling MonthlyCharges TotalCharges Contract_encoded InternetService_encoded PaymentMethod_encoded recency_risk service_count monetary_value monthly_to_total_ratio charge_per_month clv_proxy is_high_value contract_stability digital_engagement
feature_infos=[0:1] [0:1] [0:1] [0:72] [0:1] [0:1] [0:1] [0:1] [0:1] [0:1] [0:1] [0:1] [0:1] [18.399999999999999:118.75] [0:8684.7999999999993] [0:2] [0:2] [0:3] [0.013698630136986301:1] [0:8] [0:8684.7999999999993] [0.0125956632653061:73.349999999999994] [0.26438356164383559:73.349999999999994] [0:8565.8301369863002] [0:1] [0:144] [0:2]
tree_sizes=3384 3410 3418 3419 3425 3418 3415 3403 3418 3422 3411 3410 3409 3427 3415 3440 3432 3433 3440 3440 3433 3409 3447 3424

Tree=0
num_leaves=31
num_cat=0
split_feature=15 22 16 13 16 3 21 4 13 17 13 15 21 13 11 13 13 13 10 9 23 13 23 26 17 22 11 21 26 22
split_gain=1987.66 376.955 276.365 105.468 85.5761 59.6875 49.1673 38.8819 35.1883 28.7504 23.1196 27.4209 22.3666 31.6302 22.3472 21.2215 18.5705 17.905 17.2523 18.6878 16.681 16.3621 13.5514 13.2716 11.9676 16.2699 13.0751 11.9433 11.772 10.6727
threshold=1.0000000180025095e-35 7.202272727272728 1.5000000000000002 93.425000000000026 1.5000000000000002 70.500000000000014 0.020302745801324251 1.0000000180025095e-35 57.175000000000004 1.0000000180025095e-35 40.57500000000001 1.5000000000000002 0.045192134102951705 43.975000000000009 1.0000000180025095e-35 66.450000000000017 67.750000000000014 50.675000000000004 1.0000000180025095e-35 1.0000000180025095e-35 324.51805555555558 19.825000000000006 167.14750000000001 1.0000000180025095e-35 1.0000000180025095e-35 2.2646070075757581 1.0000000180025095e-35 0.029989949651874102 1.0000000180025095e-35 2.2219160768452988
decision_type=2 2 2 2 2 2 2 2 2 2 2 2 2 2 2 2 2 2 2 2 2 2 2 2 2 2 2 2 2 2
left_child=1 2 7 10 8 24 18 17 21 23 -2 -12 27 -14 29 -15 -10 20 -4 -20 -1 -3 28 -8 25 -5 -26 -9 -23 -11
right_child=3 4 6 5 -6 -7 9 12 16 14 11 -13 13 15 -16 -17 -18 -19 19 -21 -22 22 -24 -25 26 -27 -28 -29 -30 -31
leaf_value=-0.92243207139500449 -1.077056973785665 -0.95370540440768958 -1.0043657492085096 -0.984141758324382 -0.85888953627463027 -1.0751642931345402 -0.92493453082358423 -1.0097737793779769 -1.0335341195689629 -0.91160107724909478 -1.0305381064993535 -1.0700142437240709 -1.0232382059380094 -0.95287383549996585 -0.90042709190294179 -1.0598604267372818 -0.92003144063868425 -0.88325962259155455 -0.91799089595964156 -1.0097737793779769 -0.99088273061048493 -0.91012081798536604 -0.9489990413247501 -0.88358923352542273 -1.0659642159037324 -0.90239821405231269 -0.99243455024406579 -1.0657665142272985 -0.87570636872820662 -0.96397368811102502
leaf_weight=13.508815959095953 133.51833361387253 12.519637748599051 15.18921948969364 23.015802308917049 239.74089609086514 24.667258217930794 23.149457275867462 18.068215921521187 7.8572257757186872 13.463699191808699 91.707361102104187 84.543055981397629 46.033299952745438 41.472204655408859 44.663627788424492 5.2182869911193839 6.6569375395774841 7.4962916374206534 23.838987261056904 7.2272863686084738 26.089739620685577 39.266569063067436 10.075639843940733 120.13560707867146 6.7778140306472769 8.2760551571845991 55.988063305616379 20.138501212000847 67.676039427518845 35.055324763059616
leaf_count=41 669 43 62 88 533 123 71 75 35 39 405 416 199 142 123 25 20 19 71 30 102 113 34 305 33 23 220 98 165 125
internal_value=-0.958294 -0.913792 -0.944279 -1.04601 -0.877191 -1.00594 -0.913551 -0.993079 -0.90765 -0.904329 -1.06136 -1.04947 -1.00709 -0.993828 -0.925948 -0.964831 -0.981476 -0.954117 -0.960695 -0.939343 -0.967531 -0.899378 -0.893565 -0.890269 -0.987782 -0.962522 -1.00037 -1.03929 -0.888342 -0.949441
internal_weight=1273.04 844.542 460.749 428.494 383.793 118.725 282.723 178.025 144.052 236.468 309.769 176.25 130.931 92.7238 93.1827 46.6905 14.5142 47.0948 46.2555 31.0663 39.5986 129.538 117.018 143.285 94.0577 31.2919 62.7659 38.2067 106.943 48.519
internal_count=4447 2470 1527 1977 943 487 826 701 410 663 1490 821 539 366 287 167 55 162 163 101 143 355 312 376 364 111 253 173 278 164
is_linear=0
shrinkage=1


Tree=1
num_leaves=31
num_cat=0
split_feature=15 22 16 13 16 3 21 17 13 17 13 25 21 11 6 13 14 13 13 26 22 10 1 22 22 13 25 11 4 11
split_gain=1684.15 294.173 226.92 97.8765 64.237 54.2794 39.0873 34.0679 28.1108 22.2837 22.2817 26.7248 22.1403 17.7381 16.6306 15.8464 13.0479 14.1949 12.8263 12.7629 18.1521 12.5138 12.2674 11.8025 11.6705 11.647 11.236 12.659 11.0461 10.997
threshold=1.0000000180025095e-35 7.202272727272728 1.5000000000000002 93.425000000000026 1.5000000000000002 70.500000000000014 0.020302745801324251 1.0000000180025095e-35 57.175000000000004 1.0000000180025095e-35 40.57500000000001 53.500000000000007 0.045192134102951705 1.0000000180025095e-35 1.0000000180025095e-35 67.750000000000014 2318.4500000000003 67.750000000000014 19.825000000000006 1.5000000000000002 4.0332692307692311 1.0000000180025095e-35 1.0000000180025095e-35 0.74343030690537093 1.6572587719298248 49.875000000000007 117.00000000000001 1.0000000180025095e-35 1.0000000180025095e-35 1.0000000180025095e-35
decision_type=2 2 2 2 2 2 2 2 2 2 2 2 2 2 2 2 2 2 2 2 2 2 2 2 2 2 2 2 2 2
left_child=1 2 7 10 8 26 14 12 18 -8 -2 16 21 -11 29 -10 25 -18 -3 28 22 -1 -21 -13 -19 -12 27 -5 -9 -4
right_child=3 4 6 5 -6 -7 9 19 15 13 11 23 -14 -15 -16 -17 17 24 -20 20 -22 -23 -24 -25 -26 -27 -28 -29 -30 -31
leaf_value=-0.020578662001904072 -0.057431733121230677 0.05955941260949859 0.026307621312090565 -0.027420170298927255 0.14099028637079397 -0.055527861015264794 0.11475626186157746 0.038480573119358298 -0.014552658276941613 0.063364583174421632 0.031931982422779386 0.020109203606025368 0.07792088467363309 0.10611741953956144 0.0016200919774392944 0.089235517838170103 0.065193823290809971 -0.06784075048040937 0.11196197429325878 0.039617351862812539 0.10472484299612067 0.058765497782907773 -0.02805482951271401 -0.050343290360370933 0.015510966951168582 -0.039969088476273659 -0.0050843355709352779 0.043789530125995541 -0.0099064114929248957 0.087735912543840625
leaf_weight=11.680881634354591 129.80217486619949 12.894529819488524 10.19044244289398 6.8631033301353446 257.05887719988823 24.003024235367775 151.66079445183277 14.133001774549482 7.8010046482086164 50.063448220491409 6.9398033916950217 6.3290728628635398 37.674454480409622 47.074452057480812 11.731755822896956 6.9578971266746521 10.405422896146773 5.6208210438489941 123.68337088823318 19.204456135630608 7.1693789362907401 8.6487763077020645 10.282551378011705 97.85834564268589 16.607708185911179 29.893987029790878 19.663846284151077 68.861430063843727 71.293395325541496 25.561149343848228
leaf_count=53 669 43 39 32 533 123 376 51 35 164 27 26 118 123 48 20 36 29 312 71 20 29 47 491 68 144 84 248 312 76
internal_value=0.055409 0.0946372 0.0679424 -0.0266719 0.125775 0.0116793 0.0948468 0.0236788 0.0999307 0.102781 -0.0417607 -0.030047 0.0552288 0.0840832 0.053276 0.034377 -0.00602558 0.0169961 0.107015 0.00868878 0.0333684 0.0131765 0.0160191 -0.0460635 -0.00556578 -0.0264223 0.028591 0.0373356 -0.00190124 0.0702267
internal_weight=1307.61 884.765 476.369 422.849 408.396 119.391 296.282 180.087 151.337 248.799 303.457 173.655 58.0041 97.1379 47.4833 14.7589 69.4677 32.634 136.578 122.083 36.6564 20.3297 29.487 104.187 22.2285 36.8338 95.3884 75.7245 85.4264 35.7516
internal_count=4447 2470 1527 1977 943 487 826 701 410 663 1490 821 200 287 163 55 304 133 355 501 138 82 118 517 97 171 364 280 363 115
is_linear=0
shrinkage=0.05


Tree=2
num_leaves=31
num_cat=0
split_feature=25 22 16 22 16 13 21 21 4 13 12 21 13 13 12 5 6 13 13 13 23 16 6 12 13 13 21 17 4 1
split_gain=1433.94 233.248 189.637 92.3174 54.9038 36.4988 37.163 31.9518 30.7463 24.502 19.8994 18.7028 25.1052 18.052 18.012 15.1818 14.1973 14.0892 13.3541 13.2686 12.6706 12.5322 12.3164 16.8512 12.1287 11.3924 11.0788 10.6921 25.0361 10.3445
threshold=1.0000000180025095e-35 7.202272727272728 1.5000000000000002 1.4849657534246579 1.5000000000000002 95.175000000000026 0.014084449041518352 0.020302745801324251 1.0000000180025095e-35 57.175000000000004 1.0000000180025095e-35 0.045192134102951705 43.975000000000009 66.450000000000017 1.0000000180025095e-35 1.0000000180025095e-35 1.0000000180025095e-35 50.675000000000004 110.97500000000001 67.750000000000014 324.51805555555558 1.0000000180025095e-35 1.0000000180025095e-35 1.0000000180025095e-35 101.47500000000001 74.425000000000026 0.029989949651874102 1.0000000180025095e-35 1.0000000180025095e-35 1.0000000180025095e-35
decision_type=2 2 2 2 2 2 2 2 2 2 2 2 2 2 2 2 2 2 2 2 2 2 2 2 2 2 2 2 2 2
left_child=1 2 8 27 9 21 -7 16 17 14 24 26 -13 -14 -3 25 -4 20 -8 -11 -1 -5 23 -23 -9 -12 -10 28 -2 -22
right_child=3 4 7 5 -6 6 18 10 11 19 15 12 13 -15 -16 -17 -18 -19 -20 -21 29 22 -24 -25 -26 -27 -28 -29 -30 -31
leaf_value=0.081764642099960483 0.060271634235888397 0.076803091504604432 0.064677128962793082 -0.066079326688650158 0.12686124143058788 -0.066183474945557388 0.041691908887315859 0.054184987626083071 0.0081390022662126953 -0.015159077807836622 0.11887720842625263 -0.004925068066788477 0.057097703689038395 -0.0414227689234902 0.11239403668531488 0.10853321745381717 0.0015379507417143858 0.11617392496877191 -0.014007331675846287 0.077905608087169426 -0.0073572124255489833 -0.037754744211150236 -0.035521381871239419 0.031415862084957363 0.12939327902575712 0.067097221592564316 -0.046052180848527857 -0.050284130844844302 -0.046311165323345477 0.054755175912685639
leaf_weight=14.481176674365996 7.57638090848923 65.033687546849251 36.843850508332253 13.809179887175558 271.00949060916901 10.527778804302214 72.344209060072899 40.655286580324173 18.131097719073296 7.9333590269088727 13.757672250270842 46.029400229454041 43.513696238398552 5.2058285027742377 78.407876491546631 152.02646133303642 11.740225821733473 8.1065970957279188 12.641527727246283 7.4046949148178101 13.396236330270767 14.01564586162567 34.892468318343163 23.6837188154459 6.1749407052993766 46.615422263741493 19.655884340405464 206.1687757819891 20.199227869510651 13.417345881462097
leaf_count=41 27 182 115 75 533 57 258 127 75 36 31 199 142 25 178 357 48 19 55 21 56 68 169 92 13 135 98 1067 102 46
internal_value=0.0514577 0.0863009 0.0627106 -0.0255869 0.113182 0.00112848 0.0224296 0.0866305 0.0222412 0.089835 0.0936045 0.00969222 0.0215537 0.0465705 0.0962578 0.100109 0.0494197 0.0559081 0.0334067 0.0297694 0.0440772 -0.0224192 -0.0141137 0.00570002 0.0641018 0.0788967 -0.02005 -0.0463607 -0.0172385 0.0237234
internal_weight=1335.4 919.54 489.751 415.859 429.789 181.915 95.5135 307.814 181.937 158.78 259.23 132.536 94.7489 48.7195 143.442 212.4 48.5841 49.4014 84.9857 15.3381 41.2948 86.401 72.5918 37.6994 46.8302 60.3731 37.787 233.944 27.7756 26.8136
internal_count=4447 2477 1527 1970 950 774 370 826 701 417 663 539 366 167 360 523 163 162 313 57 143 404 329 160 140 166 173 1196 129 102
is_linear=0
shrinkage=0.05


Tree=3
num_leaves=31
num_cat=0
split_feature=15 22 16 22 16 22 13 21 4 13 15 17 20 5 4 22 3 21 13 13 13 2 7 26 17 16 21 17 4 20
split_gain=1253.46 198.493 98.6738 84.8794 78.899 39.984 34.3527 33.8209 22.6998 20.8356 19.6483 18.1423 14.2367 15.2339 13.5114 12.9622 14.9927 12.1886 22.8389 11.7282 11.4859 11.368 11.1578 10.478 14.845 10.4569 10.3005 10.2285 22.6552 9.94019
threshold=1.0000000180025095e-35 4.0332692307692311 1.5000000000000002 1.4849657534246579 1.5000000000000002 7.9878571428571439 95.175000000000026 0.014084449041518352 1.0000000180025095e-35 60.375000000000007 1.5000000000000002 1.0000000180025095e-35 118.27500000000002 1.0000000180025095e-35 1.0000000180025095e-35 1.7240514075887396 65.500000000000014 0.045192134102951705 49.875000000000007 110.97500000000001 50.675000000000004 1.0000000180025095e-35 1.0000000180025095e-35 1.5000000000000002 1.5000000000000002 1.0000000180025095e-35 0.029989949651874102 1.0000000180025095e-35 1.0000000180025095e-35 2241.7750000000005
decision_type=2 2 2 2 2 2 2 2 2 2 2 2 2 2 2 2 2 2 2 2 2 2 2 2 2 2 2 2 2 2
left_child=1 2 8 27 5 23 10 -8 20 14 25 -4 -6 -14 -7 16 22 26 21 -9 -1 -19 -13 24 -3 -5 -10 28 -2 -17
right_child=3 4 11 6 12 9 7 19 17 -11 -12 15 13 -15 -16 29 -18 18 -20 -21 -22 -23 -24 -25 -26 -27 -28 -29 -30 -31
leaf_value=0.034601407532876015 0.05562578356275924 0.037821829382097903 0.08382067107130281 -0.065051159430538907 0.12800364370568293 0.11959392695708876 -0.065147200607470923 0.038876541905957879 0.0077021026027808432 0.014643800202302224 -0.065885403674690174 0.025927753230203444 0.09262105787473883 0.11533865173969658 0.082431733300971949 0.02369794825428366 0.085892431468200275 0.013546557960610762 0.062944811198468523 -0.013394765940751785 0.10187311935921579 -0.045136407190737464 -0.070675143886454447 0.087134941605796712 -0.046996889794764296 -0.0022802535783239303 -0.044789683206233229 -0.049057231601203836 -0.045062844768428804 0.071889717754179308
leaf_weight=33.001349091529846 7.7928162217140224 42.061565145850182 119.71294718980789 7.4692872762680045 89.507627248764038 31.23116061091423 10.16955918073654 73.668450832366943 18.199781224131584 9.6622104048728925 19.903782457113266 7.1003781855106372 132.49771882593632 166.56162621080875 112.79442788660526 12.981220066547392 5.3012940585613242 26.993993550539017 18.622403085231781 12.560775414109228 7.8555053472518912 11.886965319514273 5.1623066812753677 8.6750796139240247 5.8797826766967765 59.384807080030441 19.210850104689598 200.89366495609283 19.732804715633392 60.892222747206688
leaf_count=117 27 146 301 42 155 62 57 258 75 36 109 25 299 327 285 45 15 109 58 55 18 57 25 23 27 260 98 1067 102 167
internal_value=0.0480283 0.0797242 0.0496291 -0.0248083 0.0971581 0.0724893 0.000548933 0.0210916 0.0163747 0.0857218 -0.0222766 0.0710118 0.11051 0.105274 0.0904902 0.054242 0.0156338 0.00296113 0.0174133 0.0312623 0.0475357 -0.00439442 -0.0147398 0.0365692 0.0274192 -0.00929335 -0.0192531 -0.0451408 -0.0165567 0.0634213
internal_weight=1357.37 945.792 346.921 411.576 598.871 210.304 183.157 96.3988 135.771 153.688 86.7579 211.15 388.567 299.059 144.026 91.4374 17.564 94.914 57.5034 86.2292 40.8569 38.881 12.2627 56.6164 47.9413 66.8541 37.4106 228.419 27.5256 73.8734
internal_count=4447 2470 1110 1977 1360 579 781 370 532 383 411 578 781 626 347 277 65 397 224 313 135 166 50 196 173 302 173 1196 129 212
is_linear=0
shrinkage=0.05


Tree=4
num_leaves=31
num_cat=0
split_feature=15 22 16 22 16 13 25 17 17 15 23 22 22 11 23 12 3 3 12 17 2 22 23 13 26 7 14 16 22 17
split_gain=1094.73 171.639 136.83 79.4805 36.2023 31.0624 30.3657 26.338 22.4187 18.7029 18.3854 15.3263 14.8561 13.7247 13.2978 13.097 13.0619 11.6908 11.4103 11.3787 10.7879 12.3161 11.7346 10.8442 13.4282 10.3437 10.0431 9.86062 9.8104 9.77871
threshold=1.0000000180025095e-35 7.202272727272728 1.5000000000000002 1.4849657534246579 1.5000000000000002 95.175000000000026 123.00000000000001 1.0000000180025095e-35 1.0000000180025095e-35 1.5000000000000002 167.14750000000001 2.3356236786469351 1.7240514075887396 1.0000000180025095e-35 7656.7315068493153 1.0000000180025095e-35 65.500000000000014 55.500000000000007 1.0000000180025095e-35 1.0000000180025095e-35 1.0000000180025095e-35 1.0980654761904767 1026.7882246376814 66.450000000000017 1.5000000000000002 1.0000000180025095e-35 7261.8750000000009 1.0000000180025095e-35 3.742052631578948 1.0000000180025095e-35
decision_type=2 2 2 2 2 2 2 2 2 2 2 2 2 2 2 2 2 2 2 2 2 2 2 2 2 2 2 2 2 2
left_child=1 2 7 29 10 9 19 11 17 27 18 -1 16 15 26 -14 25 -4 -3 -7 21 -9 -22 24 -23 -10 -8 -5 -13 -2
right_child=3 4 8 5 -6 6 14 20 12 -11 -12 28 13 -15 -16 -17 -18 -19 -20 -21 22 23 -24 -25 -26 -27 -28 -29 -30 -31
leaf_value=0.020303801943825819 -0.015909577665517382 0.068260425131656269 0.08781436319129049 -0.064103229498310418 0.10681176548594931 0.062648326662034001 -0.033506205970894966 -0.032802133016711109 0.02437510477869019 -0.064873880468347564 0.033423745783074492 0.10318101863169771 -0.0013953801634618028 0.080650310507396392 -0.064822447204335484 0.058725448947061054 0.078801181768724846 0.043823154051956574 0.096358076297393666 0.021291276953781857 -0.038226692580266404 0.013522684665985329 0.02647692765921103 -0.043402043749332833 0.060090602992932431 -0.069266910976272786 0.049322412551959488 -0.0021686823685972936 0.04694367506624858 -0.047872563969158045
leaf_weight=29.055815890431404 27.262565791606903 65.224786341190338 179.92197555303574 7.2073902189731589 290.44724766910076 26.840270802378654 7.6257578283548373 11.635154664516447 7.1730867177248019 19.220733255147934 20.648110836744308 13.352811112999918 11.581726431846617 59.040404006838799 11.944782897830008 41.581020712852478 5.4843978583812705 16.48655703663826 81.008885815739632 43.726648107171059 22.626446530222893 51.761974960565567 10.150993898510931 5.8266165852546683 22.085537984967232 5.0078131556510925 7.0367518067359924 59.319672957062721 18.497995212674141 195.70457066595554
leaf_count=110 129 170 406 42 533 82 34 54 25 109 67 32 43 143 68 118 15 51 173 161 106 204 39 29 69 25 25 260 58 1067
internal_value=0.0450081 0.0738939 0.0539874 -0.0239239 0.0961484 0.000503917 0.0198588 0.0196356 0.0734643 -0.0214301 0.0775895 0.0465641 0.0573463 0.0640564 -0.0256595 0.0456279 0.0147264 0.0841217 0.0838256 0.0370215 0.00641795 0.0152509 -0.0181883 0.0222683 0.0274497 -0.014123 0.00624445 -0.00887853 0.0705201 -0.0439644
internal_weight=1374.49 968.599 511.27 405.889 457.329 182.922 97.1742 184.993 326.277 85.7478 166.882 60.9066 129.868 112.203 26.6073 53.1627 17.6653 196.409 146.234 70.5669 124.087 91.3093 32.7774 79.6741 73.8475 12.1809 14.6625 66.5271 31.8508 222.967
internal_count=4447 2470 1527 1977 943 781 370 701 826 411 410 200 369 304 127 161 65 457 343 243 501 356 145 302 273 50 59 302 90 1196
is_linear=0
shrinkage=0.05


Tree=5
num_leaves=31
num_cat=0
split_feature=15 22 15 16 11 4 13 21 14 22 17 13 17 13 14 0 13 14 13 14 21 21 26 12 18 6 14 11 13 22
split_gain=932.877 136.817 88.2862 83.2695 79.5497 40.4228 34.1195 23.4285 22.0672 19.5053 17.872 22.2864 16.1733 16.0575 18.3389 15.5314 15.1913 16.4154 13.4038 13.9243 14.6132 11.9711 13.4418 11.7296 11.566 17.8279 13.3734 10.1083 10.3711 11.8777
threshold=1.0000000180025095e-35 7.202272727272728 1.5000000000000002 1.5000000000000002 1.0000000180025095e-35 1.0000000180025095e-35 69.575000000000003 0.045192134102951705 202.20000000000002 1.441785933346964 1.0000000180025095e-35 82.575000000000017 1.0000000180025095e-35 103.17500000000003 7786.2250000000013 1.0000000180025095e-35 25.325000000000006 483.87500000000006 99.975000000000009 6491.6750000000002 0.018898496600627802 0.072792776464158923 1.0000000180025095e-35 1.0000000180025095e-35 0.015268065268065201 1.0000000180025095e-35 2615.8500000000008 1.0000000180025095e-35 74.975000000000009 3.1140476190476201
decision_type=2 2 2 2 2 2 2 2 2 2 2 2 2 2 2 2 2 2 2 2 2 2 2 2 2 2 2 2 2 2
left_child=1 3 4 5 10 -1 8 -7 15 -5 11 -2 -11 -4 -15 -3 -9 -18 23 20 -20 -19 -23 -6 -25 26 -26 28 -14 -30
right_child=2 6 13 9 18 7 -8 16 -10 12 -12 -13 27 14 -16 -17 17 21 19 -21 -22 22 -24 24 25 -27 -28 -29 29 -31
leaf_value=0.059368536060363124 -0.031069187918040982 0.071092141658446115 -0.051306995382399856 -0.0029147807929482067 -0.015172935689947115 -0.026308789795505216 0.098576808030636995 1.4442498613393482e-05 0.022451506014142558 0.076921694992722764 -0.041895067740302001 0.07854378534518873 0.073811915300355441 0.013460597801400888 -0.063974086063150609 0.11983328113709316 0.081737774306461133 0.046451698749776421 0.11042176353069266 0.015507879254481811 0.042545548001807675 0.056895141883462112 -0.037859776218194918 0.10340018370948874 0.090740886040707694 -0.047978239822904549 0.0096222805448734211 0.067841629700382294 0.046601523520769267 -0.0072887163870997366
leaf_weight=58.604366064071655 11.903216212987902 131.35879239439964 169.04155424237251 9.9525970518589002 21.233980372548103 33.942428305745125 290.84450721740723 44.649836465716362 21.01701483130455 199.76400624215603 77.838652268052101 7.596695363521575 15.792371794581411 21.957725867629051 11.73119170963764 18.666523784399033 16.096078723669052 22.006405726075172 12.911772817373274 19.415106520056725 20.550333127379417 5.3941265344619778 12.225821375846861 4.8949530124664298 8.7125720232725197 7.1609261929988852 12.189463317394255 62.716176122426987 27.470735311508179 16.28671483695507
leaf_count=175 60 312 950 38 98 162 528 190 68 457 418 26 41 90 69 32 43 69 31 75 67 17 53 16 27 36 48 158 83 59
internal_value=0.0420345 0.0683082 -0.0216456 0.0508437 0.00154208 0.0247194 0.0881554 0.00960123 0.0704347 0.0660248 -0.0311717 0.0116334 0.0681554 -0.045025 -0.0135038 0.0771566 0.0217448 0.039157 0.0312828 0.0491923 0.0687364 0.0218609 -0.00885174 0.0138077 0.0324792 0.0201087 0.0434349 0.0538326 0.0390788 0.0265433
internal_weight=1393.93 986.789 407.138 524.902 204.408 192.919 461.887 134.315 171.042 331.983 97.3386 19.4999 322.03 202.73 33.6889 150.025 100.372 55.7224 107.069 52.8772 33.4621 39.6264 17.6199 54.1919 32.9579 28.063 20.902 122.266 59.5498 43.7575
internal_count=4496 2485 2011 1545 902 709 940 534 412 836 504 86 798 1109 159 344 372 182 398 173 98 139 70 225 127 111 75 341 183 142
is_linear=0
shrinkage=0.05


Tree=6
num_leaves=31
num_cat=0
split_feature=15 16 15 11 14 21 17 10 21 17 13 14 13 13 23 13 7 21 10 23 13 14 21 14 13 12 13 13 16 3
split_gain=824.159 100.836 82.5893 71.9015 59.3002 54.1851 33.1944 17.3502 20.9381 16.6645 19.5453 16.4249 17.8177 15.4017 18.4244 13.7618 13.4775 16.694 13.9281 12.8513 11.6819 11.939 12.1181 11.3367 15.2976 10.4126 10.3559 11.1199 9.94291 9.76411
threshold=1.0000000180025095e-35 1.5000000000000002 1.5000000000000002 1.0000000180025095e-35 1556.2500000000002 0.46775766498179844 1.0000000180025095e-35 1.0000000180025095e-35 0.020302745801324251 1.0000000180025095e-35 82.575000000000017 1528.3500000000001 25.125000000000004 103.17500000000003 7656.7315068493153 85.725000000000009 1.0000000180025095e-35 0.045192134102951705 1.0000000180025095e-35 2759.3198792756543 99.975000000000009 6491.6750000000002 0.018898496600627802 118.27500000000002 80.575000000000003 1.0000000180025095e-35 34.025000000000006 54.775000000000006 1.0000000180025095e-35 17.500000000000004
decision_type=2 2 2 2 2 2 2 2 2 2 2 2 2 2 2 2 2 2 2 2 2 2 2 2 2 2 2 2 2 2
left_child=1 5 3 9 23 6 16 8 -6 10 -2 12 29 -4 -15 -10 17 18 -1 -17 25 22 -22 -3 -25 -5 -19 -28 -7 -8
right_child=2 4 13 20 7 28 11 -9 15 -11 -12 -13 -14 14 -16 19 -18 26 -20 -21 21 -23 -24 24 -26 -27 27 -29 -30 -31
leaf_value=-0.043793035747398373 -0.030011697999229321 0.10332320099857772 -0.050205489944034988 -0.014524669619868614 -0.0091990568740414145 0.050639770744809291 0.0069101332730793002 0.067155911857318243 0.064782836925369292 -0.040746086389047545 0.071818978904983927 -0.029850091344550651 0.033683572250816612 0.014518258011487543 -0.063144256169119603 0.043923333542815954 0.019896039726402845 0.031836482443282965 0.064707086213581982 -0.03979638344985173 0.10060573975275687 0.014632730078434478 0.039751314464162898 0.069335046929969252 0.092999687207254836 0.030343114540189328 0.10226872564715268 0.044973317413760767 0.080316607411882943 -0.051324815739836882
leaf_weight=5.850183963775633 11.711462557315828 95.934365272521973 164.23553615808487 21.076716214418411 17.470707967877388 43.599426969885826 35.003242090344429 164.10097792744637 54.595768958330154 76.077160879969597 7.8847059160470954 17.981097564101219 90.801462665200233 21.583650395274162 11.818360328674315 14.385495930910112 22.267358899116516 10.43120416998863 5.9825972020626068 6.727545514702796 13.448053777217863 19.544043749570847 20.886099860072136 114.57839776575565 169.04673302173615 33.458013817667961 32.347782030701637 11.471581310033796 80.033404946327209 9.0611874610185605
leaf_count=29 60 155 950 98 68 116 146 392 134 418 26 84 293 87 72 38 78 34 17 25 31 75 67 248 308 127 68 34 171 47
internal_value=0.039631 0.0638963 -0.0208731 0.00143673 0.0759036 0.0429366 0.0291409 0.0573718 0.0401406 -0.0301553 0.0109608 0.0150385 0.0210233 -0.0439108 -0.0129604 0.0515263 0.0535381 0.064874 0.0110641 0.0172465 0.0293164 0.045829 0.0635869 0.0884653 0.0834397 0.0130025 0.0766107 0.0872692 0.069851 -0.00506501
internal_weight=1403.39 1001.67 401.724 204.086 636.84 364.831 241.198 257.28 93.1795 95.6733 19.5962 152.847 134.866 197.638 33.402 75.7088 88.3507 66.0833 11.8328 21.113 108.413 53.8782 34.3342 379.559 283.625 54.5347 54.2506 43.8194 123.633 44.0644
internal_count=4496 2485 2011 902 1368 1117 830 657 265 504 86 570 486 1109 159 197 260 182 46 63 398 173 98 711 556 225 136 102 287 193
is_linear=0
shrinkage=0.05


Tree=7
num_leaves=31
num_cat=0
split_feature=15 22 15 11 16 4 13 13 22 20 17 17 13 13 23 0 20 22 6 11 20 11 13 20 21 22 3 21 21 21
split_gain=731.17 108.523 77.2827 65.0995 63.9232 33.3869 28.0653 20.5184 22.162 18.1187 15.8691 15.5352 17.2268 14.7683 17.2763 12.8046 11.4514 10.865 11.7776 22.8067 12.6523 10.3998 10.2237 10.3285 10.2406 10.1837 9.61634 15.4184 9.59778 16.1079
threshold=1.0000000180025095e-35 7.202272727272728 1.5000000000000002 1.0000000180025095e-35 1.5000000000000002 1.0000000180025095e-35 69.575000000000003 66.450000000000017 1.1558599695586 202.20000000000002 1.0000000180025095e-35 1.0000000180025095e-35 82.575000000000017 103.17500000000003 7656.7315068493153 1.0000000180025095e-35 244.70000000000002 3.0672619047619052 1.0000000180025095e-35 1.0000000180025095e-35 4137.6250000000009 1.0000000180025095e-35 99.975000000000009 6491.6750000000002 0.018898496600627802 2.3634375000000007 17.500000000000004 0.027649980551848603 0.072792776464158923 0.086764106046045258
decision_type=2 2 2 2 2 2 2 2 2 2 2 2 2 2 2 2 2 2 2 2 2 2 2 2 2 2 2 2 2 2
left_child=1 4 3 11 5 -1 9 8 -7 15 17 12 -2 -4 -15 -3 -10 18 20 -20 -6 -12 -5 24 -24 -23 28 -28 -18 -30
right_child=2 6 13 22 10 7 -8 -9 16 -11 21 -13 -14 14 -16 -17 26 -19 19 -21 -22 25 23 -25 -26 -27 27 -29 29 -31
leaf_value=0.052696559041574664 -0.028983538882822187 0.062099496929413904 -0.04913952058265425 0.0122763912484746 0.041756532715318505 -0.045979698103676192 0.086734159238713096 -0.055362339162812503 -0.0028487064828309296 0.018503824209040891 0.030014103310036823 -0.039626705136189336 0.066028310091982262 0.01369976498633298 -0.062341763425029506 0.1055197086767946 0.076102398144530486 0.076395701299938043 0.063143796634661992 -0.058418520327236136 0.082147570486076488 0.030030937921143332 0.092445836480349028 0.013813529500558204 0.037208058319451044 0.071712127716247118 0.082609989871879952 -0.011486984072777574 -0.034537035920865732 0.048484409816956425
leaf_weight=60.57507199048996 11.525382712483408 135.473254352808 159.5285736322403 54.839577302336693 39.487990841269493 13.691340789198874 298.64341422915459 11.661453455686567 33.620675101876259 21.444825172424316 65.920451119542122 74.359041720628738 8.1403931677341443 21.725739166140556 11.382997542619703 19.412437319755554 16.646066322922707 116.32615323364735 9.6568795740604418 6.4257730990648261 38.090174108743668 21.807368919253349 13.89104939997196 19.664734780788422 21.18986938893795 44.67689622938633 5.482688412070277 21.135745018720627 7.5639030784368506 25.671748846769333
leaf_count=175 60 312 950 225 100 71 528 60 142 68 201 418 26 87 72 32 46 239 24 26 82 66 31 75 67 98 17 90 33 75
internal_value=0.0374571 0.0599741 -0.0201309 0.00134729 0.0446066 0.0218394 0.077395 0.00804204 0.0140139 0.0615777 0.0576428 -0.0291748 0.0103454 -0.0428326 -0.0124438 0.0675415 0.0214729 0.0661903 0.0535153 0.014574 0.0615882 0.0440869 0.0275354 0.0428206 0.0590807 0.0580404 0.0321619 0.00789449 0.0451117 0.0295901
internal_weight=1409.66 1013.41 396.247 203.61 538.44 196.049 474.974 135.474 123.812 176.331 342.392 94.0248 19.6658 192.637 33.1087 154.886 110.121 209.987 93.6608 16.0827 77.5782 132.405 109.585 54.7457 35.0809 66.4843 76.5002 26.6184 49.8817 33.2357
internal_count=4496 2485 2011 902 1545 709 940 534 474 412 836 504 86 1109 159 344 403 471 232 50 182 365 398 173 98 164 261 107 154 108
is_linear=0
shrinkage=0.05


Tree=8
num_leaves=31
num_cat=0
split_feature=15 22 15 11 16 4 16 13 22 22 17 13 13 23 17 13 13 14 12 14 12 7 14 14 17 22 5 8 21 9
split_gain=651.228 97.5024 72.3214 58.9994 56.5644 29.3112 26.1683 18.8617 20.1633 14.6025 14.4786 15.2455 14.1593 16.2153 12.1535 11.1116 12.2284 13.8478 11.3401 10.143 9.2014 14.5698 9.60115 13.3592 12.958 16.8417 11.8665 8.98974 12.1234 8.86871
threshold=1.0000000180025095e-35 7.202272727272728 1.5000000000000002 1.0000000180025095e-35 1.5000000000000002 1.0000000180025095e-35 1.5000000000000002 66.450000000000017 1.1558599695586 1.441785933346964 1.0000000180025095e-35 82.575000000000017 103.17500000000003 7656.7315068493153 1.0000000180025095e-35 55.32500000000001 65.725000000000009 168.97500000000005 1.0000000180025095e-35 244.70000000000002 1.0000000180025095e-35 1.0000000180025095e-35 6992.7750000000005 4975.3000000000002 1.5000000000000002 2.1704861111111118 1.0000000180025095e-35 1.0000000180025095e-35 0.019806872534545755 1.0000000180025095e-35
decision_type=2 2 2 2 2 2 2 2 2 2 2 2 2 2 2 2 2 2 2 2 2 2 2 2 2 2 2 2 2 2
left_child=1 4 3 10 5 -1 15 8 -7 -6 11 -2 -4 -14 -11 18 17 -17 -3 -10 21 -5 23 24 25 -22 -26 -23 -29 -16
right_child=2 6 12 20 9 7 -8 -9 19 14 -12 -13 13 -15 29 16 -18 -19 -20 -21 22 27 -24 -25 26 -27 -28 28 -30 -31
leaf_value=0.049202658323989977 -0.027983508336430207 0.048189228683720602 -0.048104983023149542 -0.043015723353944491 -0.0050673074830659528 -0.044765259123967754 0.081779242025393009 -0.054107442824626789 -0.0027098866717080667 0.063370655694853339 -0.038534501077058803 0.060980159528776473 0.012933337182087543 -0.061597490744172458 0.050718981781965967 0.046953819161161765 0.064702171057857374 -0.054048846283427592 0.075757040244488219 0.030200701410563153 -0.0068041995524277879 0.06984749618460992 -0.0082308383035908355 0.064988280982986077 0.020080478172121451 0.083643326419246947 -0.071913621824577584 0.037920707815563101 -0.068617506810627685 0.018737521686465794
leaf_weight=61.604874789714813 11.345062270760538 71.073808938264847 154.9289184063673 11.136161461472513 10.105689674615858 13.367928519845007 304.15090891718864 11.343434587121008 33.576983720064163 208.48534029722214 72.686310574412346 8.3673861026763898 21.859013259410858 10.955342710018156 99.837379187345505 6.5471450835466403 11.471330925822256 7.0453187972307205 78.510331869125366 77.332173854112625 8.8218953460454959 7.8926388472318658 11.128924295306204 32.668272167444229 9.2100877463817579 12.354267492890356 5.6595188081264487 7.6805877089500427 4.0933611690998077 27.68927538394928
leaf_count=175 60 175 950 55 38 71 532 60 142 457 418 26 87 72 258 18 28 31 156 261 37 25 46 91 35 33 27 28 21 83
internal_value=0.035482 0.056471 -0.0194166 0.00126669 0.0419745 0.020603 0.0729216 0.00761178 0.0132452 0.0541525 -0.0282272 0.00977909 -0.0417856 -0.0119494 0.0559335 0.0574959 0.0266856 -0.00539842 0.0626584 0.0202372 0.0258967 0.00268249 0.0348525 0.0418303 0.0208422 0.0459633 -0.0149334 0.028559 0.00088136 0.043775
internal_weight=1412.93 1022.14 390.788 203.044 543.343 197.225 478.799 135.621 124.277 346.118 92.3988 19.7124 187.743 32.8144 336.012 174.648 25.0638 13.5925 149.584 110.909 110.646 30.8027 79.843 68.714 36.0458 21.1762 14.8696 19.6666 11.7739 127.527
internal_count=4496 2485 2011 902 1545 709 940 534 474 836 504 86 1109 159 798 408 77 49 331 403 398 129 269 223 132 70 62 74 49 341
is_linear=0
shrinkage=0.05


Tree=9
num_leaves=31
num_cat=0
split_feature=15 22 15 11 17 16 16 22 17 4 3 3 0 14 11 22 23 23 12 7 10 14 14 17 22 5 10 8 6 26
split_gain=581.924 88.5145 67.6306 53.4808 51.2269 26.4562 24.3003 13.9845 13.4896 13.0708 19.3513 11.541 10.7994 10.3743 9.25521 9.03395 8.968 18.2685 8.12715 13.2356 9.99518 8.45638 11.566 11.4794 14.5324 11.0179 8.1055 8.21746 8.07046 8.03831
threshold=1.0000000180025095e-35 7.202272727272728 1.5000000000000002 1.0000000180025095e-35 1.0000000180025095e-35 1.5000000000000002 1.5000000000000002 3.0672619047619052 1.0000000180025095e-35 1.0000000180025095e-35 17.500000000000004 14.500000000000002 1.0000000180025095e-35 3205.1250000000005 1.0000000180025095e-35 3.9411538461538469 7131.0034541577834 7656.7315068493153 1.0000000180025095e-35 1.0000000180025095e-35 1.0000000180025095e-35 6992.7750000000005 4975.3000000000002 1.5000000000000002 2.1704861111111118 1.0000000180025095e-35 1.0000000180025095e-35 1.0000000180025095e-35 1.0000000180025095e-35 1.5000000000000002
decision_type=2 2 2 2 2 2 2 2 2 2 2 2 2 2 2 2 2 2 2 2 2 2 2 2 2 2 2 2 2 2
left_child=1 4 3 8 7 9 12 -1 13 -6 11 -11 28 -2 -7 26 -4 -18 19 -5 -21 22 23 24 -20 -25 27 -16 -3 -12
right_child=2 6 16 18 5 14 -8 -9 -10 10 29 -13 -14 -15 15 -17 17 -19 21 20 -22 -23 -24 25 -26 -27 -28 -29 -30 -31
leaf_value=0.042477388643743036 -0.025390228432903662 0.054435236221921972 -0.045021180677467465 -0.041750205436071615 0.036344405533236437 0.02584664462002666 0.07749681300933435 0.064641308204429551 -0.037467380239710441 0.0043037046759594145 -0.053033160673989943 0.059490274476604932 0.089769744984060498 0.047179680183670906 0.044646781998065196 0.079603944064635002 0.027662559927183618 -0.060906138254280588 -0.0064839205066081658 -0.024643553705032999 0.051216086463577219 -0.0078473955223380444 0.060409487941923468 0.018909967017236941 0.077100018365702641 -0.070404967271391714 0.052600938746194238 -0.035548929794752465 0.021786191288608855 -0.0018253694715165967
leaf_weight=134.53615203499794 10.315558612346651 135.05076725780964 159.41466088593006 10.905948743224146 29.503983154892921 67.244254484772682 304.88634237647057 151.10322424769402 71.06049744784832 53.51506681740284 19.845923408865929 11.51148973405361 19.000474467873573 9.4238546639680845 6.6241088062524778 20.650949642062187 13.012566298246385 10.536324620246885 8.7954706549644488 6.4043908417224893 13.485156327486038 11.090093672275541 33.36814521253109 9.2890746444463712 12.722500339150427 5.4959007650613776 34.339973524212837 6.1692544668912888 22.01283997297287 12.484572499990461
leaf_count=360 53 313 985 55 89 201 532 325 418 212 104 35 33 33 18 40 52 72 37 30 44 46 91 35 33 27 83 23 62 55
internal_value=0.0336709 0.0533055 -0.018737 0.00118144 0.0395579 0.0235857 0.0689561 0.0542021 -0.0273101 0.00719022 -0.00164494 0.0140732 0.0541664 0.0092556 0.0389894 0.0520275 -0.0407666 -0.0119651 0.0243717 0.00251674 0.0267894 0.0327053 0.0391604 0.0196291 0.0429351 -0.0142904 0.0399452 0.00597456 0.0498594 -0.033259
internal_weight=1413.8 1028.48 385.32 202.357 547.529 261.89 480.95 285.639 90.7999 126.861 97.3571 65.0266 176.064 19.7394 135.029 67.7843 182.964 23.5489 111.557 30.7955 19.8895 80.7612 69.6711 36.3029 21.518 14.785 47.1333 12.7934 157.064 32.3305
internal_count=4496 2485 2011 902 1545 860 940 685 504 495 406 247 408 86 365 164 1109 124 398 129 74 269 223 132 70 62 124 41 375 159
is_linear=0
shrinkage=0.05


Tree=10
num_leaves=31
num_cat=0
split_feature=25 22 13 17 13 13 25 17 14 12 7 25 11 19 9 13 22 23 21 13 13 21 13 13 13 13 22 14 9 23
split_gain=563.222 78.4671 66.0454 56.2901 24.9893 23.7645 21.6206 17.2854 16.9147 13.7481 18.6724 12.3981 16.2321 11.9417 11.8132 11.583 11.4787 10.6461 16.2743 10.3397 9.58342 9.50893 8.50473 12.0889 8.47838 7.79779 11.2649 7.67524 20.0584 8.12059
threshold=1.0000000180025095e-35 7.202272727272728 93.425000000000026 1.0000000180025095e-35 67.750000000000014 85.175000000000026 143.00000000000003 1.0000000180025095e-35 228.20000000000002 1.0000000180025095e-35 1.0000000180025095e-35 50.500000000000007 1.0000000180025095e-35 4.5000000000000009 1.0000000180025095e-35 98.625000000000014 1.619397993311037 4768.5799778005476 0.017031956472420704 77.050000000000026 105.575 0.015671692579928054 20.875000000000004 20.375000000000004 105.87500000000001 82.575000000000017 0.74343030690537093 1254.2500000000002 1.0000000180025095e-35 794.63600000000008
decision_type=2 2 2 2 2 2 2 2 2 2 2 2 2 2 2 2 2 2 2 2 2 2 2 2 2 2 2 2 2 2
left_child=1 3 7 19 8 22 9 25 -3 16 -11 12 -9 -14 -7 -16 -4 -12 21 -1 -21 -19 23 -5 -18 26 -2 29 -29 -24
right_child=2 4 6 5 -6 14 -8 11 -10 10 17 -13 13 -15 15 -17 24 18 -20 20 -22 -23 27 -25 -26 -27 -28 28 -30 -31
leaf_value=0.040487109266616195 0.039124400206395363 0.054603099945264938 -0.066563795857925642 0.0040624167088925316 0.074270011483148587 0.05377143042102768 -0.051198117089727824 -0.039569763818963925 -0.010701770548771103 0.058246371990077997 -0.041739252268416689 -0.050246554144172589 0.047967496715074665 -0.021066325942395572 -0.033856422745148385 0.038589965987632896 -0.02661850958199052 0.012125867708778883 0.059987947010701342 0.063607785750469867 0.012307412548422242 -0.054088103230501609 0.015193090545742105 -0.06756928256729354 0.043094633805408122 0.031741390275353963 -0.034757996423656942 0.019328498431099215 -0.049101121471167061 0.049536378942433894
leaf_weight=91.434642270207405 6.6974421590566662 157.5030604749918 7.7124479115009335 32.798969313502312 322.49103197455406 66.823692873120308 13.016128510236738 62.037925690412521 10.581623584032057 29.919439345598221 8.5864616334438306 124.41322164237499 10.720041528344156 15.071967661380766 8.5381992012262362 15.59400290250778 9.135098874568941 27.112136900424957 16.061112105846405 178.2812280356884 9.5936247408390027 6.7776185572147361 44.147504359483719 7.1792469918727866 8.3460260033607465 10.922682404518126 22.463437303900719 50.52587166428566 13.589203894138334 28.211924999952316
leaf_count=253 31 351 43 142 564 161 85 385 39 86 37 811 40 73 31 40 39 111 43 372 27 30 149 38 27 42 118 169 67 79
internal_value=0.0325465 0.0516055 -0.0196173 0.0385788 0.066123 0.022182 0.00984226 -0.0344058 0.0504919 0.0168331 0.0261139 -0.040093 -0.0257102 0.00762649 0.0429428 0.0129578 -0.0157526 0.0096904 0.0185311 0.054277 0.0609882 -0.00111628 0.0114804 -0.00880113 0.00666469 -0.00429227 -0.0177893 0.0174216 0.00482483 0.0285831
internal_weight=1416.29 1037.29 378.993 546.718 490.576 267.409 126.666 252.327 168.085 113.65 88.4568 212.243 87.8299 25.792 90.9559 24.1322 25.1936 58.5373 49.9509 279.309 187.875 33.8898 176.453 39.9782 17.4811 40.0836 29.1609 136.475 64.1151 72.3594
internal_count=4483 2482 2001 1528 954 876 501 1500 390 416 307 1309 498 113 232 71 109 221 184 652 399 141 644 180 66 191 149 464 236 228
is_linear=0
shrinkage=0.05


Tree=11
num_leaves=31
num_cat=0
split_feature=15 22 16 16 14 9 22 25 14 21 14 0 15 13 13 23 13 6 6 3 22 26 17 23 12 21 13 13 23 22
split_gain=509.845 73.9981 62.5538 40.3956 31.9814 22.2307 20.7077 20.7015 20.2359 18.6331 16.7142 14.3019 13.555 11.9793 11.5056 20.6318 11.106 10.7235 10.6401 10.5331 11.4964 9.88075 9.81938 19.7273 12.0511 9.59608 8.9508 8.68293 12.2602 8.34826
threshold=1.0000000180025095e-35 4.0332692307692311 1.5000000000000002 1.5000000000000002 2076.1250000000005 1.0000000180025095e-35 1.7240514075887396 70.500000000000014 460.77500000000003 0.13198102361502592 1637.1250000000002 1.0000000180025095e-35 1.5000000000000002 20.725000000000005 105.87500000000001 7656.7315068493153 109.92500000000003 1.0000000180025095e-35 1.0000000180025095e-35 30.500000000000004 2.1322478991596641 1.0000000180025095e-35 1.5000000000000002 4768.5799778005476 1.0000000180025095e-35 0.018585465590225204 70.675000000000026 95.425000000000026 2808.6622835497842 28.700000000000003
decision_type=2 2 2 2 2 2 2 2 2 2 2 2 2 2 2 2 2 2 2 2 2 2 2 2 2 2 2 2 2 2
left_child=1 4 12 8 9 17 -7 22 -3 10 11 -1 13 -2 -9 16 -16 27 -15 -19 25 -10 -4 -24 -25 -21 -12 28 -6 -5
right_child=2 3 7 29 5 6 -8 14 21 -11 26 -13 -14 18 15 -17 -18 19 -20 20 -22 -23 23 24 -26 -27 -28 -29 -30 -31
leaf_value=0.019406476624414099 -0.05106594486217262 0.046727960145874908 0.036734324734015743 0.064205100652636474 0.067256216336025049 -0.049245666949484249 0.030047098452012512 -0.042957378452276679 0.04126594705726995 -0.054684334014555747 -0.057587735008091646 0.072377119389116285 -0.047544355538314466 0.0043772260038197888 0.067583819189222155 -0.048876992957270826 -0.01253312149731494 0.078991094421733354 -0.032038588095961253 -0.0042236250495114418 -0.044344085962801025 -0.032679813639777421 -0.047765859375778069 -0.033232968055783574 0.039180164823483486 0.056475716640230073 0.0035878307920300619 0.073189737739202107 0.030533546026398923 0.080365179790043761
leaf_weight=97.673143655061722 28.129234194755554 207.5973070114851 46.191578879952431 323.21455825865269 43.00883162021637 10.522807911038397 37.853233858942986 25.453863993287086 7.0214461833238628 9.4347146451473218 9.2560519725084323 14.654679849743841 116.53115655481815 41.668727174401283 11.038904145359998 11.736530110239981 7.1128120720386496 8.2108985185623151 38.677790001034737 11.473123282194139 6.419543892145156 12.668188348412512 13.141267582774161 7.254726529121398 27.619916439056396 15.055790424346922 16.88964281976223 53.715964153409004 48.199908554553986 106.17082557082176
leaf_count=341 188 500 141 614 94 45 103 143 21 46 44 37 790 204 35 81 29 16 212 41 23 51 65 33 86 39 53 104 133 171
internal_value=0.0309676 0.0489965 -0.0190456 0.0591784 0.0315102 0.0429954 0.0127993 0.00601805 0.0421333 0.0133041 0.0179364 0.0263172 -0.0357039 -0.0229843 -0.0182532 0.00278569 0.0361897 0.0508455 -0.0131529 0.0283228 0.015696 -0.0063103 0.0202762 0.00444338 0.0241166 0.0302247 -0.0180694 0.057242 0.0478499 0.0682009
internal_weight=1413.6 1039.04 374.557 656.672 382.368 234.46 48.376 149.55 227.287 147.908 138.474 112.328 225.007 108.476 55.3421 29.8882 18.1517 186.084 80.3465 41.1594 32.9485 19.6896 94.2075 48.0159 34.8746 26.5289 26.1457 144.925 91.2087 429.385
internal_count=4483 2476 2007 1357 1119 598 148 613 572 521 475 378 1394 604 288 145 64 450 416 119 103 72 325 184 119 80 97 331 227 785
is_linear=0
shrinkage=0.05


Tree=12
num_leaves=31
num_cat=0
split_feature=15 22 16 17 16 13 25 15 13 13 25 13 11 17 6 9 13 16 14 13 8 12 13 13 14 0 25 14 9 22
split_gain=458.613 69.1411 58.1717 48.3473 22.9881 19.6907 18.7145 13.1665 11.4709 10.7062 19.0476 15.2908 9.86993 18.1329 9.83397 9.78304 10.6285 9.51079 8.55416 7.87259 7.34434 7.33239 7.17413 11.2378 6.74222 6.709 6.69013 6.6046 17.3533 7.36529
threshold=1.0000000180025095e-35 7.202272727272728 1.5000000000000002 1.0000000180025095e-35 1.5000000000000002 85.175000000000026 70.500000000000014 1.5000000000000002 20.725000000000005 105.87500000000001 143.00000000000003 108.70000000000002 1.0000000180025095e-35 1.0000000180025095e-35 1.0000000180025095e-35 1.0000000180025095e-35 98.625000000000014 1.5000000000000002 202.20000000000002 105.575 1.0000000180025095e-35 1.0000000180025095e-35 20.875000000000004 20.375000000000004 2483.5750000000003 1.0000000180025095e-35 121.00000000000001 1254.2500000000002 1.0000000180025095e-35 2.7692471590909098
decision_type=2 2 2 2 2 2 2 2 2 2 2 2 2 2 2 2 2 2 2 2 2 2 2 2 2 2 2 2 2 2
left_child=1 3 7 17 18 22 12 8 -2 -8 11 -11 13 -4 -10 -7 -17 -1 25 -19 -16 24 23 -5 -22 -3 -13 -24 29 -29
right_child=2 4 6 5 -6 15 9 -9 14 10 -12 26 -14 -15 20 16 -18 19 -20 -21 21 -23 27 -25 -26 -27 -28 28 -30 -31
leaf_value=0.03232330748452459 -0.050191328592560182 0.04625282953542055 0.033144667142086824 0.0030892513072437958 0.068371946248405119 0.047766091843967635 -0.041824247014009386 -0.046637900249429633 0.0041483837891232713 0.089193619839998753 -0.060580236075887285 0.047763225783027802 0.027413808592336959 -0.063100801473421619 -0.055049328058169755 -0.034176100386933708 0.035149989809709445 0.056017997407841427 0.016944723326766716 0.0097600122280848099 -0.034173777188469305 -0.048159246199191097 0.025196203411311596 -0.066687138589001688 0.041250867938458148 0.079039425464900281 -0.025041428205115436 0.024572381099032717 -0.047702455141690074 -0.027864748792935424
leaf_weight=66.534041538834572 27.211809307336807 136.88945995271206 10.339893102645876 33.082376301288605 311.30059184134007 67.829057663679123 24.851759165525436 112.94774942100048 41.766398176550865 6.8852549940347698 8.5141623318195361 4.6722463965415946 75.035305768251419 9.2913596630096418 17.298128873109818 8.5292143523693102 15.71545125544071 205.79657928645611 22.4267608076334 9.6281208693981153 4.7491870075464249 8.0603231936693192 73.511500626802444 6.9895436018705359 7.87740159034729 17.610138848423958 9.7194903641939145 43.323722556233406 13.262352079153059 7.9208952188491812
leaf_count=196 188 306 34 142 544 161 143 790 204 19 62 16 234 57 105 31 40 429 68 27 27 44 228 38 36 30 48 140 67 29
internal_value=0.0294948 0.0464852 -0.0183788 0.0343641 0.0601926 0.0192488 0.00570707 -0.034732 -0.0221601 -0.0175925 0.00262167 0.0279124 0.0191559 -0.0124078 -0.0125956 0.038022 0.0107612 0.0488472 0.0458012 0.0539506 -0.0310064 -0.0109019 0.00954293 -0.00908149 0.0128817 0.0499899 -0.00140555 0.0149503 0.00327417 0.0164672
internal_weight=1409.57 1040.35 369.22 552.123 488.227 270.164 149.309 219.911 106.963 54.6429 29.7912 21.277 94.6666 19.6313 79.7514 92.0737 24.2447 281.959 176.926 215.425 37.985 20.6869 178.09 40.0719 12.6266 154.5 14.3917 138.018 64.507 51.2446
internal_count=4483 2476 2007 1528 948 876 613 1394 604 288 145 83 325 91 416 232 71 652 404 456 212 107 644 180 63 336 64 464 236 169
is_linear=0
shrinkage=0.05


Tree=13
num_leaves=31
num_cat=0
split_feature=15 22 16 17 16 13 21 11 17 15 13 21 6 16 9 13 14 12 13 13 21 13 8 17 18 22 3 0 22 22
split_gain=413.479 64.1741 54.0856 43.4474 21.9506 17.6461 15.4851 12.843 19.2229 12.7721 10.9745 9.92155 9.09887 8.7798 8.71455 9.58828 7.73543 7.27108 9.31807 7.78877 9.38486 7.08448 7.03198 6.90073 13.0422 8.41427 11.8331 7.0554 7.47394 7.2669
threshold=1.0000000180025095e-35 7.202272727272728 1.5000000000000002 1.0000000180025095e-35 1.5000000000000002 85.175000000000026 0.014210438324956352 1.0000000180025095e-35 1.0000000180025095e-35 1.5000000000000002 20.725000000000005 0.013756269385353152 1.0000000180025095e-35 1.5000000000000002 1.0000000180025095e-35 98.625000000000014 202.20000000000002 1.0000000180025095e-35 110.25000000000001 105.87500000000001 0.021841771325164756 105.575 1.0000000180025095e-35 1.5000000000000002 0.030776515151515155 2.1704861111111118 49.500000000000007 1.0000000180025095e-35 4.0332692307692311 4.9962566844919793
decision_type=2 2 2 2 2 2 2 2 2 2 2 2 2 2 2 2 2 2 2 2 2 2 2 2 2 2 2 2 2 2
left_child=1 3 9 13 16 23 11 8 -8 10 -2 -4 -12 -1 -7 -16 -3 19 -19 20 -9 -15 -14 24 -5 26 -25 28 -26 -30
right_child=2 4 6 5 -6 14 7 17 -10 -11 12 -13 22 21 15 -17 -18 18 -20 -21 -22 -23 -24 25 27 -27 -28 -29 29 -31
leaf_value=0.030450916528557744 -0.049339517614631595 0.047401723137418701 0.031084553287624512 -0.071940416930590931 0.065491846494782277 0.045109310860036451 0.028337910881372465 -0.055531731541017031 -0.061684095003515897 -0.045749563069612635 0.0039320253118982724 -0.053446819151864625 -0.054088228173444865 0.053120356781810076 -0.032722388898832493 0.033233371806522187 0.016034064897389864 0.033361223333596396 -0.014544033235927104 0.029923441973776277 0.036150259226200264 0.0092621842659271932 -0.010442291723626561 0.041148465697892739 -0.016679675546948564 0.0025176453540856473 -0.01843223373541765 0.060287471306955477 0.057317422442393906 0.00010874853202912049
leaf_weight=67.079294756054878 26.320240542292595 154.78163388371468 4.4361095726490047 6.2843732833862296 308.80312955379486 68.222034618258476 10.779733568429949 9.7955185174942034 13.181323423981665 109.47259683907032 41.858919352293015 15.959280416369436 16.739449352025986 206.16037750244141 8.4643976390361804 15.78871877491474 22.513175204396248 69.760087341070175 11.879341512918471 9.2782342880964261 3.9035975486040106 9.638071730732916 20.567181468009949 46.03198567032814 33.628378137946129 52.449046105146408 10.175631895661352 5.0474404841661444 8.4008648097515124 16.362634465098381
leaf_count=196 188 336 24 32 544 161 36 49 87 790 204 107 105 429 31 40 68 216 49 31 14 27 107 145 148 180 41 14 25 59
internal_value=0.0281299 0.0441837 -0.0177394 0.0325457 0.0574411 0.0182326 0.00541452 0.0118348 -0.0211845 -0.0337858 -0.0213698 -0.0350608 -0.0120707 0.0462504 0.0359576 0.0102146 0.0434186 0.0193975 0.0263905 -0.00544925 -0.0294067 0.0511615 -0.0300262 0.00904369 -0.00323302 0.0169215 0.0303622 0.00357321 -0.00132921 0.0195164
internal_weight=1403.76 1039.83 363.932 553.733 486.098 270.856 148.973 128.578 23.9611 214.958 105.486 20.3954 79.1656 282.878 92.4752 24.2531 177.295 104.617 81.6394 22.9774 13.6991 215.798 37.3066 178.38 69.7237 108.657 56.2076 63.4393 58.3919 24.7635
internal_count=4483 2476 2007 1528 948 876 613 482 123 1394 604 131 416 652 232 71 404 359 265 94 63 456 212 644 278 366 186 246 232 84
is_linear=0
shrinkage=0.05


Tree=14
num_leaves=31
num_cat=0
split_feature=15 22 16 16 13 20 6 13 25 15 13 13 25 13 3 9 22 20 13 20 22 22 26 22 6 17 1 8 22 13
split_gain=373.264 60.2605 50.2764 34.3664 24.8354 16.5986 16.5146 16.1578 15.8799 12.3837 10.4982 9.77483 17.0184 13.1495 9.64941 14.6746 14.3351 10.9799 14.2767 10.986 8.92176 11.4606 8.76777 8.5115 8.41203 8.19233 7.95689 8.23039 7.88551 10.2215
threshold=1.0000000180025095e-35 4.0332692307692311 1.5000000000000002 1.5000000000000002 25.325000000000006 460.77500000000003 1.0000000180025095e-35 95.425000000000026 70.500000000000014 1.5000000000000002 20.725000000000005 105.87500000000001 143.00000000000003 110.25000000000001 17.500000000000004 1.0000000180025095e-35 1.9542378917378918 2076.1250000000005 42.975000000000001 3118.0250000000005 2.9189366786140982 3.452586206896552 1.0000000180025095e-35 2.5064144736842109 1.0000000180025095e-35 1.0000000180025095e-35 1.0000000180025095e-35 1.0000000180025095e-35 28.700000000000003 79.075000000000003
decision_type=2 2 2 2 2 2 2 2 2 2 2 2 2 2 2 2 2 2 2 2 2 2 2 2 2 2 2 2 2 2
left_child=1 4 9 5 23 -3 7 14 -4 10 -2 -10 13 -13 -6 17 -17 18 -16 -19 -20 -22 -7 -1 -12 -18 27 -8 29 -5
right_child=2 3 8 28 6 22 26 -9 11 -11 24 12 -14 -15 15 16 25 19 20 -21 21 -23 -24 -25 -26 -27 -28 -29 -30 -31
leaf_value=0.0019315104087155545 -0.048507640482262686 0.039884192858591017 0.017388961570300072 0.040718366129794653 0.057058070543021512 0.036194440060019546 0.0073863174463271938 0.056572122395209992 -0.040370688464615022 -0.044877085074477796 0.0037274126196664217 0.058755317358318508 -0.05968368629726855 -0.02053621324189463 0.058592957237571332 -0.060136237115599435 0.05612578353316075 0.055709867854533759 -0.034276748326061389 0.021006952129694924 0.060059071027342571 -0.024909885915139571 -0.032921397663220116 -0.052732000352487922 -0.029064543444215375 -0.018217114490018959 0.02504917938492604 -0.048039186522048055 0.071796556276712789 0.06117356151398419
leaf_weight=32.962644398212433 25.455088376998901 209.61451894044876 95.163771718740463 82.308692142367363 26.472709700465202 7.1881619095802334 27.575440883636475 75.208061635494232 23.980673223733902 106.1068354845047 41.946575373411179 12.56122542917729 7.9949176162481299 8.9572675228118879 11.100142553448675 9.2977033108472842 7.4327046126127225 52.113789424300194 15.559394717216493 40.552582174539566 8.2099656611680967 7.681617096066474 12.687624096870421 9.0835519731044752 36.640440329909325 7.3901524245738983 47.067033410072327 8.8467706739902479 103.19570532441139 236.70870107412338
leaf_count=139 188 500 325 176 64 21 90 154 143 790 204 38 62 45 29 42 17 115 62 112 18 24 51 46 212 30 141 36 171 438
internal_value=0.026847 0.0420402 -0.0171165 0.0513173 0.0263996 0.0357435 0.0308271 0.0370184 0.00513668 -0.0328582 -0.0206008 -0.0166596 0.00260642 0.0257495 0.029104 0.0244596 -0.011467 0.0308683 0.00984227 0.0405232 -0.00736355 0.0189871 -0.00792536 -0.00987785 -0.0115615 0.019061 0.0114707 -0.00607626 0.0597823 0.055896
internal_weight=1397.06 1038.26 358.807 651.703 386.554 229.49 344.508 261.019 148.658 210.149 104.042 53.4941 29.5134 21.5185 185.811 159.338 24.1206 135.217 42.5511 92.6664 31.451 15.8916 19.8758 42.0462 78.587 14.8229 83.4892 36.4222 422.213 319.017
internal_count=4483 2476 2007 1357 1119 572 934 667 613 1394 604 288 145 83 513 449 89 360 133 227 104 42 72 185 416 47 267 126 785 614
is_linear=0
shrinkage=0.05


Tree=15
num_leaves=31
num_cat=0
split_feature=22 22 12 17 17 9 14 22 22 9 22 10 9 13 23 0 3 12 22 13 5 14 2 3 22 4 7 3 12 26
split_gain=312.609 67.9377 47.5662 28.5023 19.6724 16.1096 17.4237 21.317 17.0404 15.319 14.8963 14.4355 12.0014 11.5243 10.7968 10.5674 10.5635 9.24967 8.9526 13.9195 8.7399 20.1192 9.32374 14.2742 8.47782 8.36719 8.24296 8.15627 12.9821 8.12522
threshold=1.6446763602251411 10.559375000000001 1.0000000180025095e-35 1.0000000180025095e-35 1.0000000180025095e-35 1.0000000180025095e-35 804.67500000000007 4.2486111111111127 6.0132211538461542 1.0000000180025095e-35 0.99925373134328377 1.0000000180025095e-35 1.0000000180025095e-35 110.62500000000001 6767.8409923041045 1.0000000180025095e-35 25.500000000000004 1.0000000180025095e-35 4.9076388888888891 80.725000000000009 1.0000000180025095e-35 1202.7750000000003 1.0000000180025095e-35 31.500000000000004 2.4470058139534889 1.0000000180025095e-35 1.0000000180025095e-35 58.500000000000007 1.0000000180025095e-35 1.0000000180025095e-35
decision_type=2 2 2 2 2 2 2 2 2 2 2 2 2 2 2 2 2 2 2 2 2 2 2 2 2 2 2 2 2 2
left_child=3 2 15 9 20 6 7 -6 13 11 -5 27 25 24 -11 18 -8 -3 -2 -20 21 -4 -22 -24 -7 -12 -23 28 -1 -17
right_child=1 17 4 10 5 8 16 -9 -10 14 12 -13 -14 -15 -16 29 -18 -19 19 -21 22 26 23 -25 -26 -27 -28 -29 -30 -31
leaf_value=-0.045749908665612272 -0.0023076667689107804 0.045099145674864061 0.053985474793894178 -0.039595919561520566 -0.041704659478375671 -0.035622164986830074 0.063453686699177378 0.031153810427265366 0.068639210938623171 -0.049110709524504879 0.044206455720340682 0.048494861769726165 -0.029518969365143755 0.055936082506449929 0.034269091488706042 0.058327338462626124 0.034166191284574168 0.063550321627618492 0.0099936285969260165 0.063788503509322261 0.060077644339558568 0.022801774864888193 0.054907940444210962 -0.033354951604763892 0.0071182202286946064 -0.0068340349413870925 -0.029381418448723759 -0.051059696156268645 0.03792949323194704 0.006481140916656092
leaf_weight=6.6289280056953475 105.22870701551437 93.625558078289032 66.334225118160248 98.458452463150024 13.241730742156504 21.218796893954277 56.115290328860283 41.512539923191071 9.7366350740194303 14.836995273828508 9.1215348392724973 28.690707162022591 68.912408053874969 7.141551971435546 5.2586011588573447 19.681152783334255 68.215267851948738 247.42301650345325 65.549524888396263 14.726396441459654 151.11665264517069 26.976288199424744 13.000544071197512 7.0728734731674185 25.600922480225563 67.070427060127258 10.518399253487585 6.4781061112880698 15.409268632531166 12.266911327838899
leaf_count=37 431 200 147 696 61 95 124 105 20 80 28 86 432 20 21 43 185 446 198 30 300 72 27 24 92 332 35 32 48 41
internal_value=0.0271271 0.0400405 0.0314849 -0.0161893 0.0397263 0.0293537 0.037035 0.0135338 0.00775785 0.0102626 -0.0245847 0.0234547 -0.014399 -0.00322743 -0.0272919 0.0118604 0.0473848 0.0584851 0.00728618 0.0198622 0.0488832 0.037438 0.0558248 0.0238085 -0.0122518 -0.000723579 0.0081628 -0.00173856 0.0127593 0.0384203
internal_weight=1397.17 1076.3 735.254 320.865 517.802 242.783 179.085 54.7543 63.6979 77.3026 243.563 57.207 145.104 53.9613 20.0956 217.453 124.331 341.049 185.505 80.2759 275.019 103.829 171.19 20.0734 46.8197 76.192 37.4947 28.5163 22.0382 31.9481
internal_count=4488 2696 2050 1792 1307 702 475 166 227 304 1488 203 792 207 101 743 309 646 659 228 605 254 351 51 187 360 107 117 85 84
is_linear=0
shrinkage=0.05


Tree=16
num_leaves=31
num_cat=0
split_feature=15 22 22 12 10 22 15 9 5 14 6 12 13 6 0 14 23 26 13 22 13 6 11 10 3 14 6 18 21 14
split_gain=311.973 55.7044 45.0197 30.4708 25.1022 23.4498 16.4493 14.4364 13.437 23.877 11.6949 12.9063 9.80429 9.53842 8.39146 8.22932 12.2577 8.18367 8.14749 7.76951 7.66759 7.35568 14.5515 7.32531 8.30872 18.6921 7.07227 15.6645 7.05174 6.93466
threshold=1.0000000180025095e-35 10.559375000000001 1.5173926767676771 1.0000000180025095e-35 1.0000000180025095e-35 1.8788846153846157 1.5000000000000002 1.0000000180025095e-35 1.0000000180025095e-35 2530.9000000000005 1.0000000180025095e-35 1.0000000180025095e-35 73.725000000000009 1.0000000180025095e-35 1.0000000180025095e-35 4759.6500000000005 7656.7315068493153 1.5000000000000002 24.675000000000001 1.6446763602251411 74.77500000000002 1.0000000180025095e-35 1.0000000180025095e-35 1.0000000180025095e-35 27.500000000000004 1611.4000000000003 1.0000000180025095e-35 0.032795698924731158 0.96194097410827473 7356.1250000000009
decision_type=2 2 2 2 2 2 2 2 2 2 2 2 2 2 2 2 2 2 2 2 2 2 2 2 2 2 2 2 2 2
left_child=1 3 18 14 21 7 29 13 9 23 20 -12 -10 17 -1 -8 -17 -5 -2 -9 28 22 -4 24 25 -7 -14 -28 -3 -6
right_child=2 10 4 5 6 8 15 19 12 -11 11 -13 26 -15 -16 16 -18 -19 -20 -21 -22 -23 -24 -25 -26 -27 27 -29 -30 -31
leaf_value=0.011083558348067771 -0.048451426638166206 0.038840003986248615 -0.039004357245522467 0.048216131994602306 0.021914061358469582 0.03338332306015894 -0.061350049422794789 -0.072216653298528555 0.0087866199076576702 -0.035264823330676626 -0.024361838788128296 0.047875161751791531 0.058553219851292443 -0.0071087128421908541 0.038444169151099848 0.018157771465185588 -0.058332141377028968 0.010980866726843142 -0.025287516407899436 0.0020321697375325393 0.067593755257735685 -0.055960790620478609 0.038961659126482674 0.053859937208983168 0.080728473138098666 -0.050384347847676828 -0.015648174558536444 0.059764213531071399 0.060281018013909698 0.075431720409958061
leaf_weight=172.94821828603745 54.31544890999794 63.657857596874237 18.219370730221272 37.801603138446808 86.529513835906982 104.94302707910538 7.4390413239598265 6.2242284566164008 12.31767901778221 11.733399927616118 8.7982858419418353 20.804312512278557 174.67074139416218 18.641131892800331 33.442605823278427 19.912832841277126 7.107116423547267 24.205165937542915 126.07602908462286 8.1195797473192197 146.21596083045006 16.214681707322598 8.9119746983051318 53.306696504354477 8.026814937591551 7.1107820570468894 10.864395231008531 18.805257603526115 96.452139645814896 6.5082732290029517
leaf_count=554 427 139 122 98 294 262 53 30 41 39 27 42 336 64 84 74 59 80 831 26 249 99 33 115 16 27 34 37 178 18
internal_value=0.0258964 0.0396666 -0.0148415 0.0316649 0.00355275 0.0383738 0.0147279 0.0160323 0.0436559 0.0337638 0.0564157 0.0264054 0.0521081 0.0242527 0.0155169 -0.0147824 -0.00196154 0.0336809 -0.0322621 -0.0301867 0.0593159 -0.0293175 -0.0133945 0.0384351 0.0315877 0.0280675 0.0547195 0.0321498 0.0517563 0.0256578
internal_weight=1390.32 1039.09 351.234 703.161 170.843 496.771 127.497 94.9917 401.779 185.121 335.929 29.6026 216.658 80.6479 206.391 34.459 27.0199 62.0068 180.391 14.3438 306.326 43.346 27.1313 173.387 120.081 112.054 204.34 29.6697 160.11 93.0378
internal_count=4488 2478 2010 1843 752 1205 498 298 907 459 635 69 448 242 638 186 133 178 1258 56 566 254 155 420 305 289 407 71 317 312
is_linear=0
shrinkage=0.05


Tree=17
num_leaves=31
num_cat=0
split_feature=15 22 22 12 10 22 15 17 9 5 20 17 6 12 21 13 6 20 20 21 0 13 6 11 10 3 20 22 22 21
split_gain=282.382 52.4939 41.7705 27.7589 22.9008 21.3821 14.7421 14.5936 14.0344 12.4686 21.53 11.624 10.8628 11.7394 10.6339 8.98088 8.67861 8.5434 7.81242 11.4709 7.53978 7.4991 7.0073 13.2849 6.64672 7.38887 16.8883 6.85978 8.57295 6.60241
threshold=1.0000000180025095e-35 10.559375000000001 1.5173926767676771 1.0000000180025095e-35 1.0000000180025095e-35 1.8788846153846157 1.5000000000000002 1.0000000180025095e-35 1.0000000180025095e-35 1.0000000180025095e-35 2530.9000000000005 1.0000000180025095e-35 1.0000000180025095e-35 1.0000000180025095e-35 0.015263031328911653 73.725000000000009 1.0000000180025095e-35 6000.7750000000005 4759.6500000000005 0.014451579219634102 1.0000000180025095e-35 74.77500000000002 1.0000000180025095e-35 1.0000000180025095e-35 1.0000000180025095e-35 27.500000000000004 1611.4000000000003 3.1140476190476201 3.5414715719063552 0.96194097410827473
decision_type=2 2 2 2 2 2 2 2 2 2 2 2 2 2 2 2 2 2 2 2 2 2 2 2 2 2 2 2 2 2
left_child=1 3 11 20 22 7 -6 16 -9 10 24 14 21 -14 17 -11 -5 -2 -8 -20 -1 29 23 -4 25 26 27 -7 -29 -3
right_child=2 12 4 5 6 9 18 8 -10 15 -12 -13 13 -15 -16 -17 -18 -19 19 -21 -22 -23 -24 -25 -26 -27 -28 28 -30 -31
leaf_value=0.010505288486272373 0.064757673360956253 0.037036950227849849 -0.038004054403637862 0.045104274809989978 0.024170034500957296 -0.0029196388682733629 -0.060702251168504466 0.0063864996949888446 -0.071770500547906513 0.0083282322926292937 -0.033597387705372593 -0.03701680206976226 -0.02313996343957234 0.045825995264944151 -0.033670568115454873 0.052250139994122036 -0.0061002102135643277 -0.010893483172175708 -0.05863611244688427 0.016917284177132227 0.036400375845434416 0.065299851900099598 -0.054935441966976507 0.036379732792518632 0.051173312730884539 0.07612638634425023 -0.048252137243559 0.083918412546300003 0.031504370641179787 0.05784721549658503
leaf_weight=173.33462698757648 7.4777754843235034 63.424953743815422 17.775381654500961 38.632666572928429 93.799291342496872 12.619845435023306 7.1498313322663298 39.255917593836784 6.7282606959342948 12.345138162374495 11.700767442584036 147.61870004236698 8.7996767312288302 20.651765048503876 13.989759653806685 203.32423746585846 10.530811816453932 7.4502019137144089 6.6890448108315494 20.179096043109894 33.551344320178032 143.84490962326527 15.704452998936175 9.0631868094205874 53.299930363893509 8.0848163515329343 7.0551694184541693 8.6012833267450315 83.895247861742973 95.508563280105591
leaf_count=554 34 139 122 93 312 44 53 138 33 41 39 1103 27 42 83 407 34 38 57 76 84 249 99 33 115 16 27 16 202 178
internal_value=0.0247477 0.0378308 -0.0142942 0.0300903 0.00336772 0.0365068 0.0139439 0.0151982 -0.00504919 0.0415638 0.03205 -0.0313382 0.0542088 0.0252199 -0.00235006 0.049736 0.0341363 0.027002 -0.0142529 -0.00189236 0.0147048 0.0570286 -0.0284077 -0.0128852 0.0364758 0.0299616 0.0266342 0.0316604 0.0363784 0.0495425
internal_weight=1382.09 1035.19 346.897 702.96 170.36 496.074 127.817 95.1477 45.9842 400.926 185.257 176.536 332.23 29.4514 28.9177 215.669 49.1635 14.928 34.018 26.8681 206.886 302.778 42.543 26.8386 173.556 120.256 112.172 105.116 92.4965 158.934
internal_count=4488 2478 2010 1843 752 1205 498 298 171 907 459 1258 635 69 155 448 127 72 186 133 638 566 254 155 420 305 289 262 218 317
is_linear=0
shrinkage=0.05


Tree=18
num_leaves=31
num_cat=0
split_feature=15 22 22 12 10 22 17 9 17 21 5 14 2 25 13 2 16 12 16 2 0 13 21 2 22 13 25 21 21 3
split_gain=255.874 49.5468 38.8248 25.3428 23.011 19.4991 13.1068 13.0618 12.6725 14.0784 11.5273 19.4408 10.8197 17.1763 11.9829 10.7708 9.11236 8.2735 7.84971 7.49666 6.78428 6.50028 6.49631 6.38116 6.25828 6.21459 5.78377 5.53995 9.62621 8.09012
threshold=1.0000000180025095e-35 10.559375000000001 1.5809714795008916 1.0000000180025095e-35 1.0000000180025095e-35 1.8788846153846157 1.0000000180025095e-35 1.0000000180025095e-35 1.0000000180025095e-35 0.015263031328911653 1.0000000180025095e-35 2530.9000000000005 1.0000000180025095e-35 39.500000000000007 79.425000000000026 1.0000000180025095e-35 1.5000000000000002 1.0000000180025095e-35 1.5000000000000002 1.0000000180025095e-35 1.0000000180025095e-35 95.925000000000026 0.016913046066211652 1.0000000180025095e-35 0.91458614701910101 58.625000000000007 38.500000000000007 0.090253833279065165 0.031629686571262805 22.500000000000004
decision_type=2 2 2 2 2 2 2 2 2 2 2 2 2 2 2 2 2 2 2 2 2 2 2 2 2 2 2 2 2 2
left_child=1 3 8 20 17 6 19 -8 9 -2 11 21 -6 14 -14 16 -12 -4 25 22 27 -7 -5 -19 -10 -3 -25 28 -1 -30
right_child=2 18 4 5 12 10 7 -9 24 -11 15 -13 13 -15 -16 -17 -18 23 -20 -21 -22 -23 -24 26 -26 -27 -28 -29 29 -31
leaf_value=0.022221688098346942 0.028558932373800722 0.045666633173089256 -0.048961292202525319 0.011108878155241824 0.027099316251822138 0.032456852920108345 0.0060553380433964648 -0.070304539074017611 -0.045861867430053695 -0.036207810238207419 0.0051832025767078217 -0.032022679925324642 -0.016715719140593457 -0.03730857331495737 0.081501389196419305 0.021496739569677219 0.054988892719363851 -0.03357392940129697 0.05753680276099802 -0.0056834705969929684 0.034492847436914345 0.07708714174654599 0.055637655346640426 -0.0075793784631091911 -0.025876287293977569 0.0096717631628691625 0.073980658168837532 0.0187659849149753 9.2570455379421911e-06 -0.043383503225791292
leaf_weight=32.725354596972466 18.581597402691841 93.566687136888504 21.017187684774399 11.689156517386435 78.279403753578663 164.90331454575062 39.330681785941124 6.5301516056060782 67.944859519600868 15.298628278076647 9.7038852274417859 11.663298159837721 5.5859676450490969 19.162750884890556 6.9933978095650673 33.608042165637016 171.28582817316055 8.3646830543875694 220.8913622200489 10.277246266603468 33.634192928671837 8.5831904262304288 27.36792565882206 5.0856394693255424 92.494400337338448 13.754169434309004 3.7962684333324432 88.045863434672356 37.938697755336761 14.983620464801787
leaf_count=102 83 191 143 32 271 406 138 33 561 92 33 39 28 94 18 84 331 46 405 33 84 14 62 31 631 39 12 259 129 64
internal_value=0.0236642 0.0361097 -0.013769 0.0286145 0.00549901 0.034762 0.014425 -0.00481759 -0.0284724 -0.000686514 0.039605 0.030464 0.0171147 -0.00750853 0.0378873 0.0474915 0.0523185 -0.0279 0.052147 0.0323128 0.0139389 0.0346649 0.0423109 -0.00223411 -0.03434 0.0410536 0.0272807 0.00995886 0.000905125 -0.0122763
internal_weight=1373.09 1030.48 342.605 702.27 148.285 494.943 95.1952 45.8608 194.319 33.8802 399.748 185.15 110.022 31.7421 12.5794 214.598 180.99 38.2638 328.212 49.3343 207.328 173.487 39.0571 17.2466 160.439 107.321 8.88191 173.694 85.6477 52.9223
internal_count=4488 2478 2010 1843 643 1205 298 171 1367 175 907 459 411 140 46 448 364 232 635 127 638 420 94 89 1192 230 43 554 295 193
is_linear=0
shrinkage=0.05


Tree=19
num_leaves=31
num_cat=0
split_feature=15 22 22 16 10 2 25 23 4 12 22 13 17 13 13 21 19 2 5 13 10 16 12 2 26 10 26 19 25 14
split_gain=232.069 46.8021 36.1092 23.1688 19.0853 14.5164 18.0024 13.2167 11.908 11.6209 11.0633 10.9476 10.443 10.1525 9.9553 8.66615 13.0135 8.5805 8.21149 27.6659 10.3334 7.74178 7.60368 7.40707 9.93858 7.25071 13.5984 7.04896 6.91787 10.7491
threshold=1.0000000180025095e-35 10.559375000000001 1.5173926767676771 1.5000000000000002 1.0000000180025095e-35 1.0000000180025095e-35 39.500000000000007 2808.6622835497842 1.0000000180025095e-35 1.0000000180025095e-35 6.9232142857142867 79.425000000000026 1.0000000180025095e-35 80.725000000000009 65.725000000000009 0.015263031328911653 4.5000000000000009 1.0000000180025095e-35 1.0000000180025095e-35 89.575000000000003 1.0000000180025095e-35 1.5000000000000002 1.0000000180025095e-35 1.0000000180025095e-35 1.0000000180025095e-35 1.0000000180025095e-35 1.0000000180025095e-35 6.5000000000000009 123.00000000000001 7356.1250000000009
decision_type=2 2 2 2 2 2 2 2 2 2 2 2 2 2 2 2 2 2 2 2 2 2 2 2 2 2 2 2 2 2
left_child=1 3 12 8 23 28 11 9 17 13 14 -7 15 -5 -10 16 -2 25 19 -9 -20 -3 -19 -4 -25 26 -1 -22 29 -6
right_child=2 21 4 7 5 6 -8 18 10 -11 -12 -13 -14 -15 -16 -17 -18 22 20 -21 27 -23 -24 24 -26 -27 -28 -29 -30 -31
leaf_value=-0.02831803638711676 0.085867658828849544 0.039186295207508742 -0.045679233788699702 -0.013680458792413516 0.023331080254272892 -0.017331554546931888 -0.038537089518727939 0.042926775783207201 0.0064458535358522919 0.046224379154661488 0.027016851519849366 0.075530378549235708 -0.03522160098365136 0.035783845798896936 -0.038282791595023596 -0.031533271444376045 -0.010436029154375779 0.029991132874596468 0.0037092945035476586 -0.065709435076495681 0.041483356761582581 0.055627289304129739 -0.041961304066241073 -0.059887283623369758 0.020969402024680964 0.059973273553254415 0.043575325822964001 8.0143707085436977e-05 -0.014608775824017858 0.09482227262505899
leaf_weight=8.724082410335539 5.4121502339839962 106.82731904089451 22.744209669530392 15.947146028280256 74.589213594794273 5.6981265246868116 24.733891315758228 13.578073948621752 127.60939747095108 219.84406621754169 64.931232705712318 7.1642624884843826 140.36640246957541 29.681256428360939 13.783796817064284 13.419513471424578 9.9700159057974798 8.4605200290679914 32.602512523531914 10.310857728123663 82.899887219071388 217.14589373767376 6.4870253801345816 5.3940738290548351 12.863454334437845 27.854502603411674 26.729310423135757 11.735339492559431 10.599185049533842 5.6565645039081565
leaf_count=29 20 230 144 48 251 29 126 34 466 449 159 18 1103 67 68 83 52 23 98 39 180 405 24 42 68 59 66 34 61 13
internal_value=0.0226351 0.0344891 -0.0132532 0.0272272 0.00306137 0.0125424 -0.0135867 0.0347391 0.0162304 0.0414585 0.00993148 0.0343919 -0.0295943 0.0184961 0.00208546 -0.00216931 0.023448 0.032838 0.0229356 -0.00396241 0.0279857 0.050206 -0.00123522 -0.0266388 -0.00291921 0.040883 0.0258844 0.0363491 0.023356 0.0283705
internal_weight=1363.76 1025.15 338.611 701.179 169.443 128.441 37.5963 416.599 284.58 265.472 206.324 12.8624 169.168 45.6284 141.393 28.8017 15.3822 78.2554 151.127 23.8889 127.238 323.973 14.9475 41.0017 18.2575 63.3079 35.4534 94.6352 90.845 80.2458
internal_count=4488 2478 2010 1843 752 498 173 949 894 564 693 47 1258 115 534 155 72 201 385 73 312 635 47 254 110 154 95 214 325 264
is_linear=0
shrinkage=0.05


Tree=20
num_leaves=31
num_cat=0
split_feature=15 16 22 22 21 15 16 21 13 13 14 19 9 23 13 13 14 13 14 2 22 13 12 17 8 9 21 21 22 22
split_gain=223.653 49.0119 30.9955 26.5807 21.3685 16.2495 11.5073 11.028 10.4404 12.2657 10.2389 10.086 9.48343 9.36381 9.08166 10.6097 8.60031 8.27999 13.868 8.22526 7.61993 9.81135 7.49526 7.01955 7.66882 7.69689 7.57401 7.48606 6.41204 6.65751
threshold=1.0000000180025095e-35 1.5000000000000002 1.4849657534246579 4.0332692307692311 0.23986596990095452 1.5000000000000002 1.0000000180025095e-35 0.014575283426115851 26.475000000000005 45.82500000000001 4759.6500000000005 6.5000000000000009 1.0000000180025095e-35 7656.7315068493153 95.675000000000026 94.725000000000009 3315.1250000000005 24.475000000000005 741.45000000000016 1.0000000180025095e-35 28.700000000000003 80.575000000000003 1.0000000180025095e-35 1.0000000180025095e-35 1.0000000180025095e-35 1.0000000180025095e-35 0.074049553604424764 0.061450427379962862 1.6572587719298248 1.5428926282051283
decision_type=2 2 2 2 2 2 2 2 2 2 2 2 2 2 2 2 2 2 2 2 2 2 2 2 2 2 2 2 2 2
left_child=1 4 17 11 8 7 -6 -4 -1 19 -7 14 -8 22 15 16 -3 -2 -19 -10 21 -5 -12 24 25 -11 27 -25 29 -9
right_child=2 3 5 20 6 10 12 28 9 23 13 -13 -14 -15 -16 -17 -18 18 -20 -21 -22 -23 -24 26 -26 -27 -28 -29 -30 -31
leaf_value=-0.01372952237728318 -0.048692107035142179 0.034378904133956611 0.077849612906171206 0.032098890916042913 0.012352942353116264 -0.059188996216186278 0.045310959993244859 0.022755554016206232 0.042485327199541907 0.01304197957571631 -0.044646087555759266 -0.022213843273123667 0.0018827516997499902 -0.057356031900663157 0.04238796980313278 -0.03396456892334563 0.0084129556467010778 0.08361263125325237 -0.026689367034163164 -0.0040985206073687252 0.060493854318736717 0.051068957856789082 0.019954762783357657 -0.0038890612826664762 -0.017409465388389195 0.061212771744463157 -0.031425233420295531 0.056980351416063772 0.010546336379746493 -0.04193287122936086
leaf_weight=46.384051501750946 47.686617255210876 89.651273548603058 5.5278607606887809 105.06813082098961 56.124321609735489 15.26083195209503 101.55704584717751 5.8106826692819622 43.344551533460617 26.099132210016251 5.8325671926140812 9.8446745425462705 14.346589982509611 7.8686099350452414 85.751459747552872 8.0302091836929304 49.494921714067459 2.9267724007368079 108.08990035206079 12.127043187618254 97.614082261919975 194.03601996600628 19.506836615502834 33.674420773983002 12.03890649974346 12.154381141066549 21.852480217814445 5.9426048696041098 101.40288593620062 12.606504023075102
leaf_count=201 422 207 16 230 157 125 208 24 108 76 30 32 39 72 185 26 143 19 793 39 178 376 72 136 41 29 81 15 404 56
internal_value=0.0203416 0.0318996 -0.0152907 0.0403896 0.0178212 -0.000703979 0.0309366 0.00880245 0.00725924 0.0130807 -0.0252891 0.0273586 0.0399354 -0.00971028 0.0294537 0.0219177 0.0251427 -0.0312665 -0.0237814 0.0323013 0.0483639 0.0444052 0.00508508 0.00354081 0.0173942 0.0283474 -0.00779361 0.00524143 0.00561698 -0.0215235
internal_weight=1357.66 1025.14 332.52 639.491 385.646 173.817 172.028 125.348 213.618 167.234 48.4688 242.773 115.904 33.208 232.928 147.176 139.146 158.703 111.017 55.4716 396.718 299.104 25.3394 111.762 50.2924 38.2535 61.4695 39.617 119.82 18.4172
internal_count=4540 2507 2033 1377 1130 799 404 500 726 525 299 593 247 174 561 376 350 1234 812 147 784 606 102 378 146 105 232 151 484 80
is_linear=0
shrinkage=0.05


Tree=21
num_leaves=31
num_cat=0
split_feature=15 16 15 22 11 21 13 13 16 22 13 13 13 19 9 13 2 20 22 13 22 20 22 22 17 22 21 13 21 21
split_gain=203.245 45.4487 29.1788 25.358 20.4472 19.428 12.7647 12.0004 10.5484 10.2877 9.43013 9.90312 9.2353 9.11643 8.66525 8.32049 7.78903 7.60373 7.4986 9.21618 6.72423 8.18033 6.61604 9.61291 6.32345 7.34855 10.6732 8.66649 7.18048 6.89268
threshold=1.0000000180025095e-35 1.5000000000000002 1.5000000000000002 4.0332692307692311 1.0000000180025095e-35 0.23986596990095452 103.87500000000001 108.70000000000002 1.0000000180025095e-35 1.797607142857143 25.325000000000006 45.82500000000001 24.475000000000005 6.5000000000000009 1.0000000180025095e-35 97.02500000000002 1.0000000180025095e-35 3315.1250000000005 28.700000000000003 89.425000000000026 2.2969460227272731 2803.3750000000005 1.2102816901408453 0.96091269841269855 1.0000000180025095e-35 2.2219160768452988 0.071100125732720856 54.32500000000001 0.10373472869524152 0.074049553604424764
decision_type=2 2 2 2 2 2 2 2 2 2 2 2 2 2 2 2 2 2 2 2 2 2 2 2 2 2 2 2 2 2
left_child=1 5 4 13 9 10 -4 -8 -7 22 12 16 -1 15 -10 17 -12 20 19 -5 -3 -22 23 -2 25 27 -27 -13 -28 -26
right_child=2 3 6 18 -6 8 7 -9 14 -11 11 24 -14 -15 -16 -17 -18 -19 -20 -21 21 -23 -24 -25 29 26 28 -29 -30 -31
leaf_value=-0.0054165500324194343 -0.040581314683429272 0.058250174432535468 -0.040084253400229225 0.03561267614773083 0.011979370646103528 0.01172554922130125 0.027317442745374943 -0.033314247526314671 0.043317997324074417 0.003691155446141018 0.038711054290484208 -0.060068602906257318 -0.07611976809704922 -0.021154016866090589 0.0017887017942378809 0.04125024913205548 -0.0039066109917396978 0.007290909390115563 0.058796696608559768 0.053704305652989941 0.030389068132781211 -0.016372488117478087 -0.061824017301633033 0.016321612865518843 0.0049740426949765942 0.065900253946856571 -0.031896732392504498 0.018783769445003914 0.027481418951404719 -0.03008692672692817
leaf_weight=37.178563669323921 23.570865914225578 17.319518342614174 108.80375342816114 180.21205748617649 110.63195791840553 56.169766500592232 15.56763172149658 17.15274815261364 100.93386192619801 26.266324453055859 45.323973044753075 5.931622937321662 5.2737770527601233 9.8215989172458631 14.345911726355551 78.683902814984322 14.043040454387663 59.644102767109871 95.464942082762718 115.51697073876858 66.039093300700188 10.895688280463217 15.71079747378826 10.833311669528483 39.637862980365753 12.488166749477385 7.4427130073308971 8.4467602223157865 16.11640453338623 21.687553122639656
leaf_count=164 193 35 935 386 403 157 63 111 208 145 114 24 24 32 39 169 46 171 178 220 154 32 111 72 151 27 26 28 41 81
internal_value=0.0194762 0.0305057 -0.0147205 0.0387387 -0.001758 0.0169572 -0.0318496 -0.00446703 0.0294928 -0.0216554 0.00689395 0.0121271 -0.0141999 0.0260316 0.0381499 0.0280242 0.02863 0.0212621 0.0466127 0.0426796 0.0301031 0.0237666 -0.0349401 -0.0226635 0.00336 0.0164764 0.0285313 -0.0137458 0.00872288 -0.00742517
internal_weight=1347.16 1018.62 328.537 633.598 187.013 385.02 141.524 32.7204 171.45 76.3813 213.57 171.118 42.4523 242.404 115.28 232.582 59.367 153.898 391.194 295.729 94.2543 76.9348 50.115 34.4042 111.751 50.4257 36.0473 14.3784 23.5591 61.3254
internal_count=4540 2507 2033 1377 924 1130 1109 174 404 521 726 538 188 593 247 561 160 392 784 606 221 186 376 265 378 146 94 52 67 232
is_linear=0
shrinkage=0.05


Tree=22
num_leaves=31
num_cat=0
split_feature=15 16 15 22 21 16 16 16 21 22 21 2 22 19 4 22 9 22 10 10 3 23 23 6 5 21 5 5 14 21
split_gain=184.751 42.166 27.282 24.189 17.6786 16.0444 9.68152 9.00757 8.71984 11.9656 10.674 9.65188 14.8832 8.24296 7.98012 8.36135 7.92786 7.38996 8.06742 7.25308 10.5988 7.14564 8.84805 6.13507 6.34942 6.09925 6.56917 5.78935 8.33704 5.60835
threshold=1.0000000180025095e-35 1.5000000000000002 1.5000000000000002 4.0332692307692311 0.23986596990095452 1.0000000180025095e-35 1.0000000180025095e-35 1.5000000000000002 0.045192134102951705 3.1140476190476201 0.031629686571262805 1.0000000180025095e-35 1.9865000000000002 6.5000000000000009 1.0000000180025095e-35 1.1868959284627096 1.0000000180025095e-35 28.700000000000003 1.0000000180025095e-35 1.0000000180025095e-35 58.500000000000007 7656.7315068493153 7552.9479452054793 1.0000000180025095e-35 1.0000000180025095e-35 0.014242769305721803 1.0000000180025095e-35 1.0000000180025095e-35 2803.3750000000005 0.015671692579928054
decision_type=2 2 2 2 2 2 2 2 2 2 2 2 2 2 2 2 2 2 2 2 2 2 2 2 2 2 2 2 2 2
left_child=1 4 5 13 14 -2 -6 -4 10 -10 11 -7 29 19 -1 -16 -8 18 23 20 -3 22 25 24 -5 -9 -27 28 -21 -13
right_child=2 3 7 17 6 8 16 21 9 -11 -12 12 -14 -15 15 -17 -18 -19 -20 27 -22 -23 -24 -25 -26 26 -28 -29 -30 -31
leaf_value=0.021643415257718804 -0.03724270118085201 0.021036319374180313 -0.040239085198187835 0.025716450348983136 0.011131206749894495 0.013284283604198961 0.041440012039210772 -0.059413849511333619 0.094744602000527547 0.0086147497267126984 -0.039704696392337445 -0.0072274485771611028 0.033865187388893429 -0.020146802478650486 -0.033199719608485154 0.0044709560853530266 0.0016993470588961017 0.057198441315256913 0.049617430607100471 0.04213181912904311 -0.041291964763355442 -0.056767843303917459 0.063519816599291304 0.0056465838863288959 0.04757712185190404 -0.045984412568340877 0.0095223372395070796 0.03913108877117797 -0.016605057269431452 -0.057519250402887162
leaf_weight=62.082179099321365 27.110280640423298 90.957384586334229 90.721277713775635 66.042608395218849 56.209400817751884 92.129809215664864 100.25009869039059 5.8744917139410964 5.997313208878043 12.307892337441443 15.009702809154986 8.7141400426626223 9.822885334491728 9.7976079136133176 16.536049008369446 134.88656817376614 14.345245167613028 93.281566470861435 141.37396386265755 11.816130071878435 7.3735886067152014 7.9057347476482382 4.2433078140020362 18.053330555558205 66.825859159231186 6.9844159036874798 22.50845979899168 109.65562105178833 12.361348852515219 15.235327921807764
leaf_count=169 232 232 831 150 157 370 208 46 22 55 81 41 30 32 84 473 39 178 277 25 29 77 16 46 133 40 99 237 38 93
internal_value=0.0186524 0.0291814 -0.0141722 0.0371689 0.0161385 -0.00168599 0.0281281 -0.0310022 0.00436833 0.0368334 0.000150953 0.00490243 -0.017963 0.0247769 0.00654669 0.000357144 0.0364652 0.0449453 0.0410349 0.0266728 0.0163625 -0.0133664 -0.00470411 0.0329953 0.0367112 -0.0128895 -0.00362261 0.034248 0.0121011 -0.0392203
internal_weight=1336.41 1011.85 324.565 627.539 384.31 186.327 170.805 138.238 159.217 18.3052 140.912 125.902 33.7724 241.962 213.505 151.423 114.595 385.577 292.296 232.164 98.331 47.5164 39.6107 150.922 132.868 35.3674 29.4929 133.833 24.1775 23.9495
internal_count=4540 2507 2033 1377 1130 924 404 1109 692 77 615 534 164 593 726 557 247 784 606 561 261 278 201 329 283 185 139 300 63 134
is_linear=0
shrinkage=0.05


Tree=23
num_leaves=31
num_cat=0
split_feature=15 16 15 22 11 21 13 23 22 16 13 13 19 14 13 13 13 14 22 22 2 22 22 6 13 13 26 18 3 7
split_gain=168.057 39.2126 25.5178 23.0553 17.8048 16.1032 11.6917 10.8647 9.17875 8.89475 8.12564 9.45748 7.46072 7.29599 9.19401 7.29419 9.52899 6.79555 6.60398 9.00116 6.56587 6.37742 6.93771 6.00429 5.80653 5.65137 5.84749 8.52843 6.68139 5.36222
threshold=1.0000000180025095e-35 1.5000000000000002 1.5000000000000002 4.0332692307692311 1.0000000180025095e-35 0.23986596990095452 103.87500000000001 7656.7315068493153 1.797607142857143 1.0000000180025095e-35 26.475000000000005 45.82500000000001 6.5000000000000009 118.27500000000002 80.575000000000003 95.675000000000026 94.725000000000009 3315.1250000000005 1.2102816901408453 0.96091269841269855 1.0000000180025095e-35 1.8251722652885445 1.5809714795008916 1.0000000180025095e-35 70.675000000000026 20.275000000000002 1.0000000180025095e-35 0.064583333333333312 11.500000000000002 1.0000000180025095e-35
decision_type=2 2 2 2 2 2 2 2 2 2 2 2 2 2 2 2 2 2 2 2 2 2 2 2 2 2 2 2 2 2
left_child=1 5 4 12 8 10 -4 -8 18 -7 25 20 15 -5 23 16 17 -3 19 29 -12 22 -19 24 -15 26 28 -28 -1 -2
right_child=2 3 6 13 -6 9 7 -9 -10 -11 11 -13 -14 14 -16 -17 -18 21 -20 -21 -22 -23 -24 -25 -26 -27 27 -29 -30 -31
leaf_value=0.0092240980470239247 -0.050112724441623104 0.029969922084618877 -0.038447696561996661 0.056545372168864953 0.011063074437912528 0.010567993868926045 0.012055616924393702 -0.056396814650678417 0.0031956011114350155 0.034871517777034809 0.037089015095716306 0.0029079348644227882 -0.019189013589509571 0.0077703246502217188 0.046064962140348165 0.037091830459833788 -0.034380148518925208 -0.0037012844912181989 -0.061093493909821307 0.016371724262790748 -0.0044571828016611798 -0.020380195261702427 0.04109349234889563 -0.0093481265734861631 0.038182793091903637 -0.031760177031938799 0.07086115819117593 -0.01046517717250354 -0.066592308241905915 0.015410855384106765
leaf_weight=7.1589290499687213 18.673973903059963 89.253326788544655 102.6612461656332 82.283705532550812 111.10488226264715 56.243862628936768 24.76200458407402 7.5683880895376197 26.367947153747082 113.86230789124966 43.861172199249268 111.78532855212688 9.7729475647211057 20.084325343370438 195.65704680979252 84.727451547980309 8.0038636922836286 17.297543942928314 14.953237399458883 10.819409996271132 12.142427816987036 14.973179861903189 17.277405574917793 9.9530700296163541 71.809628546237946 20.738068148493767 5.9517523348331434 7.032818078994751 4.8913623541593552 3.7493171393871298
leaf_count=30 166 207 935 160 403 157 97 77 145 247 108 378 32 50 395 185 26 57 111 72 39 45 41 27 152 93 21 30 27 27
internal_value=0.0178678 0.0279258 -0.0136481 0.0356892 -0.00162124 0.0153582 -0.03019 -0.00396877 -0.0205217 0.0268358 0.0062161 0.0113101 0.0236037 0.0433679 0.0397233 0.02541 0.0186679 0.0217269 -0.0334974 -0.0210841 0.0280812 0.00687835 0.0186831 0.0275404 0.0315358 -0.0124569 0.00353331 0.0268125 -0.0215507 -0.0391568
internal_weight=1325.42 1004.76 320.66 621.093 185.669 383.668 134.992 32.3304 74.5639 170.106 213.562 167.789 241.306 379.788 297.504 231.533 146.805 138.801 48.1959 33.2427 56.0036 49.5481 34.5749 101.847 91.894 45.7729 25.0349 12.9846 12.0503 22.4233
internal_count=4540 2507 2033 1377 924 1130 1109 174 521 404 726 525 593 784 624 561 376 350 376 265 147 143 98 229 202 201 108 51 57 193
is_linear=0
shrinkage=0.05


end of trees

feature_importances:
MonthlyCharges=127
charge_per_month=99
monthly_to_total_ratio=54
InternetService_encoded=45
PaymentMethod_encoded=42
TotalCharges=41
Contract_encoded=39
PaperlessBilling=26
clv_proxy=24
StreamingMovies=22
OnlineSecurity=21
tenure=20
TechSupport=19
StreamingTV=17
contract_stability=17
monetary_value=15
Dependents=14
PhoneService=14
digital_engagement=14
MultipleLines=12
SeniorCitizen=10
OnlineBackup=8
service_count=7
DeviceProtection=6
recency_risk=4
Partner=3

parameters:
[boosting: gbdt]
[objective: binary]
[metric: auc]
[tree_learner: serial]
[device_type: cpu]
[data_sample_strategy: bagging]
[data: ]
[valid: ]
[num_iterations: 500]
[learning_rate: 0.05]
[num_leaves: 31]
[num_threads: 0]
[seed: 42]
[deterministic: 0]
[force_col_wise: 0]
[force_row_wise: 0]
[histogram_pool_size: -1]
[max_depth: -1]
[min_data_in_leaf: 20]
[min_sum_hessian_in_leaf: 0.001]
[bagging_fraction: 0.8]
[pos_bagging_fraction: 1]
[neg_bagging_fraction: 1]
[bagging_freq: 5]
[bagging_seed: 400]
[bagging_by_query: 0]
[feature_fraction: 0.9]
[feature_fraction_bynode: 1]
[feature_fraction_seed: 30056]
[extra_trees: 0]
[extra_seed: 12879]
[early_stopping_round: 0]
[early_stopping_min_delta: 0]
[first_metric_only: 0]
[max_delta_step: 0]
[lambda_l1: 0]
[lambda_l2: 0]
[linear_lambda: 0]
[min_gain_to_split: 0]
[drop_rate: 0.1]
[max_drop: 50]
[skip_drop: 0.5]
[xgboost_dart_mode: 0]
[uniform_drop: 0]
[drop_seed: 17869]
[top_rate: 0.2]
[other_rate: 0.1]
[min_data_per_group: 100]
[max_cat_threshold: 32]
[cat_l2: 10]
[cat_smooth: 10]
[max_cat_to_onehot: 4]
[top_k: 20]
[monotone_constraints: ]
[monotone_constraints_method: basic]
[monotone_penalty: 0]
[feature_contri: ]
[forcedsplits_filename: ]
[refit_decay_rate: 0.9]
[cegb_tradeoff: 1]
[cegb_penalty_split: 0]
[cegb_penalty_feature_lazy: ]
[cegb_penalty_feature_coupled: ]
[path_smooth: 0]
[interaction_constraints: ]
[verbosity: -1]
[saved_feature_importance_type: 0]
[use_quantized_grad: 0]
[num_grad_quant_bins: 4]
[quant_train_renew_leaf: 0]
[stochastic_rounding: 1]
[linear_tree: 0]
[max_bin: 255]
[max_bin_by_feature: ]
[min_data_in_bin: 3]
[bin_construct_sample_cnt: 200000]
[data_random_seed: 175]
[is_enable_sparse: 1]
[enable_bundle: 1]
[use_missing: 1]
[zero_as_missing: 0]
[feature_pre_filter: 1]
[pre_partition: 0]
[two_round: 0]
[header: 0]
[label_column: ]
[weight_column: ]
[group_column: ]
[ignore_column: ]
[categorical_feature: ]
[forcedbins_filename: ]
[precise_float_parser: 0]
[parser_config_file: ]
[objective_seed: 16083]
[num_class: 1]
[is_unbalance: 0]
[scale_pos_weight: 2.76856]
[sigmoid: 1]
[boost_from_average: 1]
[reg_sqrt: 0]
[alpha: 0.9]
[fair_c: 1]
[poisson_max_delta_step: 0.7]
[tweedie_variance_power: 1.5]
[lambdarank_truncation_level: 30]
[lambdarank_norm: 1]
[label_gain: ]
[lambdarank_position_bias_regularization: 0]
[eval_at: ]
[multi_error_top_k: 1]
[auc_mu_weights: ]
[num_machines: 1]
[local_listen_port: 12400]
[time_out: 120]
[machine_list_filename: ]
[machines: ]
[gpu_platform_id: -1]
[gpu_device_id: -1]
[gpu_use_dp: 0]
[num_gpu: 1]

end of parameters

pandas_categorical:[]
